! FILETYPE CSV
! VERSION 3.0,1
! TIMESTAMP Friday, 18 October 2024 15:22:20
! TIMEZONE (UTC+09:00) Osaka, Sapporo, Tokyo
! NAME Keysight Technologies
! MODEL N9914A
! SERIAL MY58313407
! FIRMWARE_VERSION A.11.55
! VF, 1.000
! Media, Coax
! IF_BW, 3000
! Output_Power_Mode, MAN
! Output_Power_Level, 3
! GPS_LATITUDE 
! GPS_LONGITUDE 
! GPS_TIMESTAMP 0001-01-01 00:00:00Z
! GPS_SECS_SINCE_LAST_READ 0
! CHECKSUM 0581533381
! TraceAverageCount, 1
! CORRECTION1 Rdy
! CORR TIMESTAMP1 10/18/2024 2:32:34 PM
! Smoothing, Off
! Mag_Offset, 0 dB
! Phase_Offset, 0 Deg
! Slope, 0 dB/GHz
! Electrical_Delay, 0 s
! DATA Freq,S21
! FREQ UNIT Hz
! DATA UNIT dB
BEGIN
2480000000,-27.1413736869638
2480000000,-27.1234672709441
2480000000,-27.152601741814
2480000000,-27.1511995916228
2480000000,-27.1491792377685
2480000000,-27.1340223393742
2480000000,-27.1541140133429
2480000000,-27.1497510313888
2480000000,-27.1440884978119
2480000000,-27.1516231928089
2480000000,-27.1469165664987
2480000000,-27.1485669108629
2480000000,-27.1491744941574
2480000000,-27.1348485783674
2480000000,-27.1458340672351
2480000000,-27.1357868084647
2480000000,-27.1277931683174
2480000000,-27.1352402359765
2480000000,-27.129790088924
2480000000,-27.141839525936
2480000000,-27.1250981100797
2480000000,-27.1250549351553
2480000000,-27.1206427162048
2480000000,-27.1227425041945
2480000000,-27.1249938492474
2480000000,-27.1220772199784
2480000000,-27.12967807434
2480000000,-27.1104468911021
2480000000,-27.1114142542431
2480000000,-27.1164298156401
2480000000,-27.1149248550037
2480000000,-27.115830560883
2480000000,-27.1214898023373
2480000000,-27.1100395233345
2480000000,-27.1129538195475
2480000000,-27.0963207161057
2480000000,-27.0931646896248
2480000000,-27.0978457699758
2480000000,-27.0949660346459
2480000000,-27.0971933503168
2480000000,-27.0999500150898
2480000000,-27.089107408236
2480000000,-27.1057549576309
2480000000,-27.0898608401779
2480000000,-27.0887184639995
2480000000,-27.0934235503143
2480000000,-27.0929271862452
2480000000,-27.0737705482332
2480000000,-27.0878564410592
2480000000,-27.0767593037918
2480000000,-27.0854908229732
2480000000,-27.0874884198104
2480000000,-27.0750444605483
2480000000,-27.0852194496707
2480000000,-27.0842608283426
2480000000,-27.0818297346634
2480000000,-27.0708152665252
2480000000,-27.0774108609521
2480000000,-27.0685068886555
2480000000,-27.0708493801368
2480000000,-27.0767513852702
2480000000,-27.0846365692411
2480000000,-27.0699315673927
2480000000,-27.0641742337036
2480000000,-27.083508187698
2480000000,-27.0719047681186
2480000000,-27.0775721739949
2480000000,-27.0794078127829
2480000000,-27.0928788109077
2480000000,-27.0724552002992
2480000000,-27.083685009087
2480000000,-27.0816155680365
2480000000,-27.0804737434666
2480000000,-27.0736217450141
2480000000,-27.086300165472
2480000000,-27.0802131205898
2480000000,-27.0802994844567
2480000000,-27.0809785469811
2480000000,-27.0843258876432
2480000000,-27.0971853685195
2480000000,-27.0861961711101
2480000000,-27.1046617065128
2480000000,-27.0973728733372
2480000000,-27.1015059150298
2480000000,-27.0964149415425
2480000000,-27.0991170268148
2480000000,-27.1033690094127
2480000000,-27.0959666207033
2480000000,-27.0992773478387
2480000000,-27.0956793813011
2480000000,-27.1046724587645
2480000000,-27.1130804587696
2480000000,-27.1129665653166
2480000000,-27.0971338838045
2480000000,-27.1021541518003
2480000000,-27.1142569698184
2480000000,-27.1019164209746
2480000000,-27.1285026267611
2480000000,-27.1092239554505
2480000000,-27.1223646042718
2480000000,-27.1263766541769
2480000000,-27.1203041161986
2480000000,-27.1222977909192
2480000000,-27.1257119896901
2480000000,-27.14193555897
2480000000,-27.1378984623252
2480000000,-27.1359468859339
2480000000,-27.1379428612347
2480000000,-27.1451676235995
2480000000,-27.139437058579
2480000000,-27.1479344081407
2480000000,-27.1443723227165
2480000000,-27.1607877093485
2480000000,-27.1612795797777
2480000000,-27.1617928558962
2480000000,-27.1467963255362
2480000000,-27.1496887591736
2480000000,-27.1508872514694
2480000000,-27.1623113266072
2480000000,-27.1661964139204
2480000000,-27.1663209838858
2480000000,-27.1757002421914
2480000000,-27.1670416801856
2480000000,-27.1424121069161
2480000000,-27.1739434764278
2480000000,-27.1627226119047
2480000000,-27.1672424605593
2480000000,-27.1877442469702
2480000000,-27.1892491071402
2480000000,-27.1868310554403
2480000000,-27.1841839445857
2480000000,-27.180628322859
2480000000,-27.1928206968419
2480000000,-27.1867467723485
2480000000,-27.1921808157995
2480000000,-27.1813203707995
2480000000,-27.1928443126902
2480000000,-27.1982641734884
2480000000,-27.1657547019058
2480000000,-27.1966699416724
2480000000,-27.181665947932
2480000000,-27.1856337778582
2480000000,-27.1882197869553
2480000000,-27.1940963387968
2480000000,-27.1988408104925
2480000000,-27.1940786416247
2480000000,-27.1646422388961
2480000000,-27.1916769356001
2480000000,-27.2005870475104
2480000000,-27.1893711148283
2480000000,-27.1919943611926
2480000000,-27.1876424691732
2480000000,-27.1985054519027
2480000000,-27.196184004436
2480000000,-27.2054900555634
2480000000,-27.1909682432844
2480000000,-27.1961506681201
2480000000,-27.1967538175392
2480000000,-27.2055316620918
2480000000,-27.2056885221767
2480000000,-27.2010758969422
2480000000,-27.185953480778
2480000000,-27.2018481588676
2480000000,-27.1922127338729
2480000000,-27.1969397256029
2480000000,-27.1964386293328
2480000000,-27.2001934855161
2480000000,-27.1998193238322
2480000000,-27.1914777610941
2480000000,-27.2001988506551
2480000000,-27.1968823591168
2480000000,-27.2040366556359
2480000000,-27.1942203739445
2480000000,-27.2024611024994
2480000000,-27.2122697393258
2480000000,-27.1935009040433
2480000000,-27.1910900711519
2480000000,-27.1983854324225
2480000000,-27.195642953329
2480000000,-27.1856669164988
2480000000,-27.1859420310356
2480000000,-27.1898759583287
2480000000,-27.1845911373129
2480000000,-27.1919420142431
2480000000,-27.1844770394398
2480000000,-27.1853276394245
2480000000,-27.1897664053994
2480000000,-27.1934215346227
2480000000,-27.1857624433542
2480000000,-27.1872650839755
2480000000,-27.1782202766687
2480000000,-27.1747620144497
2480000000,-27.1727136538714
2480000000,-27.1696392096412
2480000000,-27.1824831072264
2480000000,-27.175609015548
2480000000,-27.1712885510796
2480000000,-27.1583124806617
2480000000,-27.175862687048
2480000000,-27.1627590954625
2480000000,-27.1757378136778
2480000000,-27.1662371795143
2480000000,-27.1576519113592
2480000000,-27.1561200747908
2480000000,-27.1509403480477
2480000000,-27.15577231161
2480000000,-27.1523589748496
2480000000,-27.1299336599915
2480000000,-27.1443854119165
2480000000,-27.1392913119225
2480000000,-27.1185001317063
2480000000,-27.1262250445591
2480000000,-27.1253197599521
2480000000,-27.1153890244053
2480000000,-27.1285436114517
2480000000,-27.1114850361031
2480000000,-27.1128861428322
2480000000,-27.1206711917597
2480000000,-27.1159850567177
2480000000,-27.1174050154577
2480000000,-27.1165732499779
2480000000,-27.1204118898698
2480000000,-27.1117595643225
2480000000,-27.1095998858803
2480000000,-27.1192919728775
2480000000,-27.109662508612
2480000000,-27.1052154649999
2480000000,-27.1032210271805
2480000000,-27.0997039849616
2480000000,-27.0941321385484
2480000000,-27.1053308046082
2480000000,-27.1159051743022
2480000000,-27.1085850992776
2480000000,-27.0944072800401
2480000000,-27.1030076484527
2480000000,-27.1052071403371
2480000000,-27.1087135598694
2480000000,-27.114563647203
2480000000,-27.0994942340894
2480000000,-27.1158849221061
2480000000,-27.1056406315246
2480000000,-27.098064451082
2480000000,-27.108345608261
2480000000,-27.1056161429507
2480000000,-27.1132104600641
2480000000,-27.105861809697
2480000000,-27.1099235128363
2480000000,-27.1191967799209
2480000000,-27.1146431340105
2480000000,-27.1130457167859
2480000000,-27.118809241448
2480000000,-27.1397602738084
2480000000,-27.1251588439464
2480000000,-27.1290817006155
2480000000,-27.1260918205241
2480000000,-27.1235397635247
2480000000,-27.1163304589018
2480000000,-27.1475511737677
2480000000,-27.1318424981152
2480000000,-27.1236698475861
2480000000,-27.1337415474867
2480000000,-27.1418956730611
2480000000,-27.1561409431396
2480000000,-27.1416030127864
2480000000,-27.1315243583989
2480000000,-27.142371591874
2480000000,-27.1423468513311
2480000000,-27.1451286123262
2480000000,-27.1633315912614
2480000000,-27.1544502934395
2480000000,-27.1493799010893
2480000000,-27.165845707563
2480000000,-27.163808304588
2480000000,-27.1806637339741
2480000000,-27.1851863879869
2480000000,-27.1949828564091
2480000000,-27.174033824315
2480000000,-27.1783225193387
2480000000,-27.185339937422
2480000000,-27.1871816420619
2480000000,-27.1725569426427
2480000000,-27.1777890030549
2480000000,-27.1816088431109
2480000000,-27.1914723149199
2480000000,-27.2044795685996
2480000000,-27.2083442709644
2480000000,-27.2061438900649
2480000000,-27.2022137113862
2480000000,-27.217081745506
2480000000,-27.2059667267513
2480000000,-27.2213182032865
2480000000,-27.2140658151518
2480000000,-27.2171117913998
2480000000,-27.2304389416938
2480000000,-27.2223225945028
2480000000,-27.2320933736931
2480000000,-27.2380345405563
2480000000,-27.2251374974584
2480000000,-27.2490316063042
2480000000,-27.2505145481312
2480000000,-27.2289749341234
2480000000,-27.2352609857271
2480000000,-27.2451440028616
2480000000,-27.2596227887093
2480000000,-27.2481622043121
2480000000,-27.2504937062059
2480000000,-27.2681431068621
2480000000,-27.2599470692881
2480000000,-27.2616272646872
2480000000,-27.2638318688462
2480000000,-27.2483017277074
2480000000,-27.274319437089
2480000000,-27.2699082099341
2480000000,-27.2834116056331
2480000000,-27.2765137103531
2480000000,-27.2883429481836
2480000000,-27.2718604480626
2480000000,-27.2719004029008
2480000000,-27.2949580441432
2480000000,-27.2733808464731
2480000000,-27.292969784193
2480000000,-27.2903170401186
2480000000,-27.2996944416409
2480000000,-27.2791042413784
2480000000,-27.287162302306
2480000000,-27.2966889725496
2480000000,-27.2844842343823
2480000000,-27.2941513974175
2480000000,-27.2983343731362
2480000000,-27.29053129998
2480000000,-27.3067661569726
2480000000,-27.2843289139666
2480000000,-27.3086558401718
2480000000,-27.3081997695826
2480000000,-27.2981086031339
2480000000,-27.3047562422963
2480000000,-27.3129821603687
2480000000,-27.3153748869606
2480000000,-27.3110745119367
2480000000,-27.3028999315624
2480000000,-27.3072234311029
2480000000,-27.2972722127854
2480000000,-27.3165973678753
2480000000,-27.2945950530564
2480000000,-27.3165175190453
2480000000,-27.31133538417
2480000000,-27.3095828923515
2480000000,-27.3087925847719
2480000000,-27.3161468304944
2480000000,-27.314067561666
2480000000,-27.3106233625022
2480000000,-27.3184778350915
2480000000,-27.3135960760881
2480000000,-27.318498705362
2480000000,-27.3244678707752
2480000000,-27.3323059022475
2480000000,-27.3352458030114
2480000000,-27.3146540792572
2480000000,-27.3321752415257
2480000000,-27.3183303788932
2480000000,-27.3214027946736
2480000000,-27.3334768119372
2480000000,-27.3335425940732
2480000000,-27.3392979752763
2480000000,-27.3212067713938
2480000000,-27.3342427335192
2480000000,-27.3149964536678
2480000000,-27.3359177803476
2480000000,-27.3337987077033
2480000000,-27.344564735819
2480000000,-27.3347481335529
2480000000,-27.3358337332532
2480000000,-27.3355188112056
2480000000,-27.3373768643265
2480000000,-27.3439066880269
2480000000,-27.3416931985189
2480000000,-27.3520985422666
2480000000,-27.3480584164977
2480000000,-27.3497702339691
2480000000,-27.3548602898089
2480000000,-27.3550972463419
2480000000,-27.3631142228695
2480000000,-27.3396790269599
2480000000,-27.3200196865595
2480000000,-27.329211416141
2480000000,-27.3210374509232
2480000000,-27.3364121861529
2480000000,-27.3311544319539
2480000000,-27.3328197351696
2480000000,-27.33803165728
2480000000,-27.3379835555674
2480000000,-27.35843085852
2480000000,-27.3477817464457
2480000000,-27.3440327834305
2480000000,-27.3562037252253
2480000000,-27.3619713201738
2480000000,-27.3657741694934
2480000000,-27.3749011235741
2480000000,-27.37076411527
2480000000,-27.3664200248364
2480000000,-27.3659193404788
2480000000,-27.3837201854056
2480000000,-27.3834426784911
2480000000,-27.3717852267821
2480000000,-27.4349446258839
2480000000,-27.4318074043698
2480000000,-27.4492559015414
2480000000,-27.4440287977108
2480000000,-27.4331610142908
2480000000,-27.4459289164845
2480000000,-27.4438061877733
2480000000,-27.4553721247216
2480000000,-27.4636231417301
2480000000,-27.4534790223574
2480000000,-27.4618801303835
2480000000,-27.4682936127468
2480000000,-27.4559378834282
2480000000,-27.4623536196193
2480000000,-27.458038260532
2480000000,-27.4741507600053
2480000000,-27.4677907211797
2480000000,-27.4710908827799
2480000000,-27.473308213779
2480000000,-27.4823825186337
2480000000,-27.4707920893463
2480000000,-27.4882385134432
2480000000,-27.4909075624491
2480000000,-27.4928742274459
2480000000,-27.475425588734
2480000000,-27.4900018101289
2480000000,-27.4677385840577
2480000000,-27.4868866401488
2480000000,-27.4655497683887
2480000000,-27.5024746801928
2480000000,-27.5089016797589
2480000000,-27.5047366362561
2480000000,-27.484907181351
2480000000,-27.4749969077373
2480000000,-27.4897560098657
2480000000,-27.5057915617629
2480000000,-27.4939267067375
2480000000,-27.5154962383961
2480000000,-27.5012231544095
2480000000,-27.5124401163481
2480000000,-27.5114283699351
2480000000,-27.4963616737518
2480000000,-27.5090409465183
2480000000,-27.5064893015018
2480000000,-27.5276726909248
2480000000,-27.507715286188
2480000000,-27.5206665967012
2480000000,-27.5066297587148
2480000000,-27.5271319741518
2480000000,-27.5093848851372
2480000000,-27.5188703768568
2480000000,-27.5332789044141
2480000000,-27.5399979181089
2480000000,-27.528676775041
2480000000,-27.5276438979909
2480000000,-27.5520575146984
2480000000,-27.5209616755965
2480000000,-27.5300217183232
2480000000,-27.5408338000792
2480000000,-27.5403244679519
2480000000,-27.5327643579395
2480000000,-27.5444281020745
2480000000,-27.5456077337088
2480000000,-27.5481611858803
2480000000,-27.5416611864492
2480000000,-27.5410193228753
2480000000,-27.5463050440859
2480000000,-27.5526181246533
2480000000,-27.5510496457075
2480000000,-27.5672114461503
2480000000,-27.5406902883077
2480000000,-27.544556074504
2480000000,-27.5493342336035
2480000000,-27.550444042407
2480000000,-27.547259798837
2480000000,-27.5615608274616
2480000000,-27.5762477225834
2480000000,-27.5700975094002
2480000000,-27.5774418814631
2480000000,-27.5831306605066
2480000000,-27.5757892234802
2480000000,-27.582561750283
2480000000,-27.5852446014413
2480000000,-27.5781409856073
2480000000,-27.5914303716675
2480000000,-27.587126955309
2480000000,-27.6018319636615
2480000000,-27.5920228110113
2480000000,-27.587344814188
2480000000,-27.6029529769079
2480000000,-27.611992543906
2480000000,-27.6110831016273
2480000000,-27.6109486462117
2480000000,-27.6384533319609
2480000000,-27.6317149259644
2480000000,-27.6338991221493
2480000000,-27.6288642204836
2480000000,-27.6329064972539
2480000000,-27.6624939577238
2480000000,-27.6499039182989
2480000000,-27.6481900721096
2480000000,-27.6736988874545
2480000000,-27.6652236145091
2480000000,-27.6675787898784
2480000000,-27.6739249199809
2480000000,-27.6890360716195
2480000000,-27.6761457694609
2480000000,-27.6924002945273
2480000000,-27.6989194679339
2480000000,-27.7059447497213
2480000000,-27.7021087721266
2480000000,-27.7086647879354
2480000000,-27.719760551512
2480000000,-27.7133076383714
2480000000,-27.7173588169974
2480000000,-27.7198111687933
2480000000,-27.7235349621033
2480000000,-27.7246919224203
2480000000,-27.73963281441
2480000000,-27.7291297641531
2480000000,-27.7363247323584
2480000000,-27.7414926076038
2480000000,-27.7468677618896
2480000000,-27.7511622263426
2480000000,-27.7497371925351
2480000000,-27.7573180778074
2480000000,-27.7571298585076
2480000000,-27.77104033737
2480000000,-27.7686705269598
2480000000,-27.779534827051
2480000000,-27.7850456699255
2480000000,-27.7999831132652
2480000000,-27.7796483131011
2480000000,-27.7895006571657
2480000000,-27.7968284173607
2480000000,-27.7974315628664
2480000000,-27.8126025873851
2480000000,-27.8081131611645
2480000000,-27.8229964901048
2480000000,-27.8003366931597
2480000000,-27.8106976406099
2480000000,-27.8410142699908
2480000000,-27.8190457738759
2480000000,-27.8386117605355
2480000000,-27.8357403872796
2480000000,-27.8353994650591
2480000000,-27.829537401089
2480000000,-27.8509859006035
2480000000,-27.8541578887222
2480000000,-27.8406561277525
2480000000,-27.8533180754651
2480000000,-27.8419616980408
2480000000,-27.8566373601947
2480000000,-27.8761504455141
2480000000,-27.8684991684161
2480000000,-27.8615124945588
2480000000,-27.8865113547739
2480000000,-27.8654348729043
2480000000,-27.8772109246118
2480000000,-27.8706174492776
2480000000,-27.8745059845917
2480000000,-27.8837198774666
2480000000,-27.867905350509
2480000000,-27.8826179872211
2480000000,-27.8849371216481
2480000000,-27.8883923884855
2480000000,-27.8876164177356
2480000000,-27.8871271055591
2480000000,-27.8881444894728
2480000000,-27.9075578727815
2480000000,-27.905669420573
2480000000,-27.9076401003281
2480000000,-27.9107860253018
2480000000,-27.9095415523512
2480000000,-27.9177849293119
2480000000,-27.9038803512753
2480000000,-27.9051570948871
2480000000,-27.9204534921828
2480000000,-27.9195201652421
2480000000,-27.9006119899299
2480000000,-27.9006388611716
2480000000,-27.9213877778546
2480000000,-27.9111433762373
2480000000,-27.9365675162878
2480000000,-27.9335150159968
2480000000,-27.9221823346392
2480000000,-27.9233389673637
2480000000,-27.9350562170136
2480000000,-27.935777616859
2480000000,-27.9473882808303
2480000000,-27.9459687094295
2480000000,-27.9365358632885
2480000000,-27.9376908815672
2480000000,-27.9397941922161
2480000000,-27.9519616867896
2480000000,-27.9432425560055
2480000000,-27.9530069854148
2480000000,-27.96084669206
2480000000,-27.9645163146877
2480000000,-27.9540651873214
2480000000,-27.9564992606936
2480000000,-27.9577118731872
2480000000,-27.965324380185
2480000000,-27.9638172418761
2480000000,-27.9690897505579
2480000000,-27.9690694576613
2480000000,-27.9703555238523
2480000000,-27.9610689904355
2480000000,-27.9808478813812
2480000000,-27.9613593880335
2480000000,-27.9710349488357
2480000000,-27.9646448517062
2480000000,-27.9734637682324
2480000000,-27.9950851797392
2480000000,-27.9768370014283
2480000000,-27.9577966129382
2480000000,-27.9819346650743
2480000000,-27.9774267239633
2480000000,-27.9815082805938
2480000000,-27.9721103667421
2480000000,-27.9824481591264
2480000000,-27.9775050198098
2480000000,-27.9932452068096
2480000000,-27.9756890432847
2480000000,-28.0017426335931
2480000000,-27.9913760272263
2480000000,-28.0093242472318
2480000000,-27.9987043236177
2480000000,-27.9991249124228
2480000000,-28.0037283058249
2480000000,-28.0133666647715
2480000000,-28.01416272355
2480000000,-27.9926283674653
2480000000,-28.003861091034
2480000000,-28.0110776251508
2480000000,-28.0172483927092
2480000000,-28.0235662756564
2480000000,-28.0162077581547
2480000000,-28.0124126543831
2480000000,-28.0175605062164
2480000000,-28.0192856812937
2480000000,-28.0262527481619
2480000000,-28.0213953807134
2480000000,-28.0261578824271
2480000000,-28.0291353243582
2480000000,-28.0299114075184
2480000000,-28.0266772520399
2480000000,-28.0399936914864
2480000000,-28.0326880028659
2480000000,-28.0185221079168
2480000000,-28.0374776555881
2480000000,-28.049292160255
2480000000,-28.035440819674
2480000000,-28.04544682967
2480000000,-28.0503012556047
2480000000,-28.053760862215
2480000000,-28.0484648244344
2480000000,-28.0256606995491
2480000000,-28.0328424249592
2480000000,-28.0398192656748
2480000000,-28.0484428959545
2480000000,-28.0440688098439
2480000000,-28.0394914810446
2480000000,-28.0334103523507
2480000000,-28.0495180550094
2480000000,-28.049857215045
2480000000,-28.0490326913576
2480000000,-28.0419491121195
2480000000,-28.052014325529
2480000000,-28.0443221603191
2480000000,-28.0522034100684
2480000000,-28.0416731021667
2480000000,-28.0533997362325
2480000000,-28.0432746862648
2480000000,-28.0420080922012
2480000000,-28.0471267129038
2480000000,-28.0568382148567
2480000000,-28.0541863423741
2480000000,-28.0484019268682
2480000000,-28.0355425639372
2480000000,-28.0439359831493
2480000000,-28.0443609654417
2480000000,-28.0623014179278
2480000000,-28.0528644575682
2480000000,-28.0427166861781
2480000000,-28.0437912031692
2480000000,-28.0568309047397
2480000000,-28.0504861083108
2480000000,-28.0529265802754
2480000000,-28.0412580984351
2480000000,-28.0513756806484
2480000000,-28.049017354607
2480000000,-28.0498056084523
2480000000,-28.0427320889145
2480000000,-28.0630880461933
2480000000,-28.0512749514591
2480000000,-28.0497172768556
2480000000,-28.0512345181493
2480000000,-28.0418325899697
2480000000,-28.0525375594091
2480000000,-28.0483288152517
2480000000,-28.0524281022245
2480000000,-28.0448757176185
2480000000,-28.0380536944712
2480000000,-28.0515277357644
2480000000,-28.0394476010998
2480000000,-28.0623183549076
2480000000,-28.0449629822855
2480000000,-28.0392994774942
2480000000,-28.0494540191299
2480000000,-28.0537124579334
2480000000,-28.0578870894599
2480000000,-28.0505884946365
2480000000,-28.0580041718177
2480000000,-28.0512864713901
2480000000,-28.0439984886373
2480000000,-28.0608752041161
2480000000,-28.0631800987223
2480000000,-28.0624331634841
2480000000,-28.0705511960384
2480000000,-28.058012109614
2480000000,-28.0509705543001
2480000000,-28.0514987209219
2480000000,-28.0463644146492
2480000000,-28.0498492877861
2480000000,-28.0430151239791
2480000000,-28.0452025512734
2480000000,-28.0523560412503
2480000000,-28.0642171473447
2480000000,-28.0604150548657
2480000000,-28.0586092035627
2480000000,-28.0532511973735
2480000000,-28.0489524836514
2480000000,-28.0617207229205
2480000000,-28.0537506839532
2480000000,-28.0526995992825
2480000000,-28.0612712720753
2480000000,-28.0397943065506
2480000000,-28.0594289212466
2480000000,-28.0595970723801
2480000000,-28.0634582042715
2480000000,-28.0601361797744
2480000000,-28.0745202080121
2480000000,-28.0444737985219
2480000000,-28.0538327573823
2480000000,-28.0502853077985
2480000000,-28.055708519516
2480000000,-28.0516176881064
2480000000,-28.0641408133555
2480000000,-28.062404607975
2480000000,-28.0716305326879
2480000000,-28.061128919725
2480000000,-28.0633029162873
2480000000,-28.0654062266692
2480000000,-28.0729390268903
2480000000,-28.0534933164399
2480000000,-28.0767496955215
2480000000,-28.0680009452979
2480000000,-28.0616832793697
2480000000,-28.0691147524923
2480000000,-28.0714315577269
2480000000,-28.0504635148012
2480000000,-28.0603976593914
2480000000,-28.0707425808586
2480000000,-28.0679573632366
2480000000,-28.0565875189187
2480000000,-28.0716542074893
2480000000,-28.0616893517484
2480000000,-28.0644136402719
2480000000,-28.0651404083957
2480000000,-28.0591740424049
2480000000,-28.0552962156557
2480000000,-28.0757081896769
2480000000,-28.0488808057816
2480000000,-28.072439686953
2480000000,-28.061243732348
2480000000,-28.065175988669
2480000000,-28.0478280093267
2480000000,-27.9916664014259
2480000000,-28.0587708593363
2480000000,-28.0411207774478
2480000000,-28.0575639747823
2480000000,-28.0585793716013
2480000000,-28.062352744867
2480000000,-28.0366266699441
2480000000,-28.0443001541378
2480000000,-28.0424829287721
2480000000,-28.0512170944577
2480000000,-28.0431711404013
2480000000,-28.0344537908739
2480000000,-28.0495940083912
2480000000,-28.0376803949333
2480000000,-28.0516496083854
2480000000,-28.0525701910821
2480000000,-28.0323031284204
2480000000,-28.0422957570796
2480000000,-28.0360219009202
2480000000,-28.0441963486605
2480000000,-28.0276331529538
2480000000,-28.0404047195746
2480000000,-28.0382790970691
2480000000,-28.0363756088797
2480000000,-28.0260552244662
2480000000,-28.0264918142947
2480000000,-28.0310973395023
2480000000,-28.015567370078
2480000000,-28.0258867099544
2480000000,-28.01268897085
2480000000,-28.0130533962102
2480000000,-28.0273249330114
2480000000,-28.0139580266103
2480000000,-28.0163020113956
2480000000,-28.0157544875656
2480000000,-28.0055721568424
2480000000,-28.0052575789562
2480000000,-27.9938165408593
2480000000,-28.0016128269282
2480000000,-28.0023005257787
2480000000,-27.9975836628481
2480000000,-27.9995997287798
2480000000,-27.9954716982289
2480000000,-27.9919841722026
2480000000,-27.9809349158806
2480000000,-27.9890046186594
2480000000,-27.9980751180349
2480000000,-27.9930554724425
2480000000,-27.9909076651179
2480000000,-27.9718839970961
2480000000,-27.9704544174832
2480000000,-27.9725248988313
2480000000,-27.9781924364788
2480000000,-27.9786266548499
2480000000,-27.9699882793263
2480000000,-27.9752770634628
2480000000,-27.9636241064518
2480000000,-27.9657140399616
2480000000,-27.9627484966819
2480000000,-27.9578319940787
2480000000,-27.94236528635
2480000000,-27.9536144155561
2480000000,-27.9426312578046
2480000000,-27.9461775531876
2480000000,-27.9515588098765
2480000000,-27.9525706360213
2480000000,-27.9396480362106
2480000000,-27.9447466688443
2480000000,-27.9291868738398
2480000000,-27.9247007593038
2480000000,-27.9296704871994
2480000000,-27.930036778583
2480000000,-27.932513976885
2480000000,-27.9373311512544
2480000000,-27.9364415689944
2480000000,-27.923880486978
2480000000,-27.9101149165037
2480000000,-27.9125547746833
2480000000,-27.9168296756598
2480000000,-27.9160514471528
2480000000,-27.9202245746733
2480000000,-27.9297875884287
2480000000,-27.9156037840512
2480000000,-27.9092639075492
2480000000,-27.9178130920804
2480000000,-27.8962683228078
2480000000,-27.9065632257129
2480000000,-27.9043554178889
2480000000,-27.907980303135
2480000000,-27.8969413693705
2480000000,-27.9089340451817
2480000000,-27.8991857745378
2480000000,-27.8946833697547
2480000000,-27.8955709789233
2480000000,-27.8873698883398
2480000000,-27.8940375352761
2480000000,-27.8899101431754
2480000000,-27.8861205032473
2480000000,-27.8925764113485
2480000000,-27.8847088539684
2480000000,-27.8858201551074
2480000000,-27.8988914047534
2480000000,-27.8750225251712
2480000000,-27.8783680609944
2480000000,-27.8790771471213
2480000000,-27.8811531982272
2480000000,-27.8877930005698
2480000000,-27.8580774763942
2480000000,-27.8764887746571
2480000000,-27.8830475911988
2480000000,-27.8635100557209
2480000000,-27.8723527061321
2480000000,-27.8647852376268
2480000000,-27.8895205646249
2480000000,-27.8695433946293
2480000000,-27.8856705428435
2480000000,-27.8625573460547
2480000000,-27.8765911066096
2480000000,-27.8606500427679
2480000000,-27.8649745204638
2480000000,-27.8445622287332
2480000000,-27.8366080551144
2480000000,-27.8480966894969
2480000000,-27.8595755963286
2480000000,-27.8639503802276
2480000000,-27.8652802901848
2480000000,-27.8524290725671
2480000000,-27.8640373927657
2480000000,-27.8594242107712
2480000000,-27.851993150523
2480000000,-27.8460876186298
2480000000,-27.8574317590963
2480000000,-27.8489099130886
2480000000,-27.8547761749801
2480000000,-27.8466535090622
2480000000,-27.8467124756084
2480000000,-27.8584949932095
2480000000,-27.8342946150707
2480000000,-27.8412968883165
2480000000,-27.8471392200662
2480000000,-27.841972119022
2480000000,-27.8385117604891
2480000000,-27.8243615843543
2480000000,-27.8373058644277
2480000000,-27.8256381880318
2480000000,-27.8189002785393
2480000000,-27.8295296320619
2480000000,-27.8174103424241
2480000000,-27.8278215136241
2480000000,-27.8218899184424
2480000000,-27.8289053041925
2480000000,-27.821065425052
2480000000,-27.8333317031101
2480000000,-27.8216389838257
2480000000,-27.8149345511924
2480000000,-27.8187048787444
2480000000,-27.8102582890669
2480000000,-27.8099694349754
2480000000,-27.8165778179163
2480000000,-27.8014467328503
2480000000,-27.8153604944552
2480000000,-27.8105402679612
2480000000,-27.7998092335702
2480000000,-27.8109585553336
2480000000,-27.8021200501127
2480000000,-27.7857209411403
2480000000,-27.798184336269
2480000000,-27.8088458681085
2480000000,-27.7837016011445
2480000000,-27.8027836416629
2480000000,-27.7951491177931
2480000000,-27.7904642491736
2480000000,-27.7808773191176
2480000000,-27.7994433589712
2480000000,-27.7875904674347
2480000000,-27.7924192822041
2480000000,-27.7808795593822
2480000000,-27.7891521296402
2480000000,-27.7837049233865
2480000000,-27.7966977405891
2480000000,-27.7832444057831
2480000000,-27.7736929833899
2480000000,-27.7904919668953
2480000000,-27.7827692602153
2480000000,-27.7737495459898
2480000000,-27.7834206304855
2480000000,-27.7760520880383
2480000000,-27.7668369471034
2480000000,-27.7768314191277
2480000000,-27.764330244715
2480000000,-27.7781888771595
2480000000,-27.7689542290585
2480000000,-27.7646972192124
2480000000,-27.7696432232539
2480000000,-27.7799584295625
2480000000,-27.7648923619118
2480000000,-27.7644844684595
2480000000,-27.7595713532188
2480000000,-27.7594390742592
2480000000,-27.753571730019
2480000000,-27.7648414366131
2480000000,-27.761691310978
2480000000,-27.7540669067791
2480000000,-27.766357752385
2480000000,-27.7528056359386
2480000000,-27.7594948944083
2480000000,-27.745756852802
2480000000,-27.7540614837525
2480000000,-27.7473069109396
2480000000,-27.7590144087917
2480000000,-27.7567347069742
2480000000,-27.7308900907862
2480000000,-27.7311077205287
2480000000,-27.7341363572429
2480000000,-27.7572377371805
2480000000,-27.7394545578039
2480000000,-27.7233846604706
2480000000,-27.7417836641225
2480000000,-27.736599718587
2480000000,-27.7207241374368
2480000000,-27.738210818019
2480000000,-27.7357040576341
2480000000,-27.7232470888426
2480000000,-27.7243245001991
2480000000,-27.7165986927058
2480000000,-27.7295079677406
2480000000,-27.7282522454764
2480000000,-27.724583887541
2480000000,-27.7229542487281
2480000000,-27.723695776642
2480000000,-27.711280667986
2480000000,-27.7241948299518
2480000000,-27.726253555534
2480000000,-27.7260421120409
2480000000,-27.710831733609
2480000000,-27.688587061127
2480000000,-27.7109090572818
2480000000,-27.718316803116
2480000000,-27.6920933471401
2480000000,-27.7211081046786
2480000000,-27.7102346452703
2480000000,-27.712768560303
2480000000,-27.7046921254217
2480000000,-27.6501502367545
2480000000,-27.6725387461575
2480000000,-27.7024785286848
2480000000,-27.7014133775961
2480000000,-27.6987649993428
2480000000,-27.7004784687062
2480000000,-27.6890812573552
2480000000,-27.6968044409826
2480000000,-27.6978124620481
2480000000,-27.7186493938244
2480000000,-27.6891737888059
2480000000,-27.6930189563247
2480000000,-27.6900715135992
2480000000,-27.6842785460707
2480000000,-27.6807832907689
2480000000,-27.6898715960622
2480000000,-27.7012325984549
2480000000,-27.7028238492271
2480000000,-27.6738162352395
2480000000,-27.6858627308372
2480000000,-27.6904993181074
2480000000,-27.6974586648326
2480000000,-27.6812706153557
2480000000,-27.6792935415788
2480000000,-27.6666344961611
2480000000,-27.6887664791775
2480000000,-27.6854886497362
2480000000,-27.6793945470061
2480000000,-27.6688467131118
2480000000,-27.6758548697365
2480000000,-27.6793180689351
2480000000,-27.6788684017501
2480000000,-27.67435915643
2480000000,-27.6678058812996
2480000000,-27.6676780758919
2480000000,-27.6681007632879
2480000000,-27.6753126576324
2480000000,-27.6688273324851
2480000000,-27.6527391417974
2480000000,-27.6648292789847
2480000000,-27.6660665096985
2480000000,-27.6607904659394
2480000000,-27.6610726009911
2480000000,-27.6620550899176
2480000000,-27.6537963512842
2480000000,-27.6532482346434
2480000000,-27.6704800002509
2480000000,-27.6760274482861
2480000000,-27.6573031505439
2480000000,-27.6511432387747
2480000000,-27.6579750031961
2480000000,-27.6510101048447
2480000000,-27.6475224638328
2480000000,-27.6607618837555
2480000000,-27.6576013517254
2480000000,-27.6615892249529
2480000000,-27.6480056628675
2480000000,-27.6534955617968
2480000000,-27.638620638722
2480000000,-27.6481570904716
2480000000,-27.6462557649315
2480000000,-27.6335614478331
2480000000,-27.6488749070941
2480000000,-27.6351706574988
2480000000,-27.6383468886532
2480000000,-27.6584450714389
2480000000,-27.643915751507
2480000000,-27.6330710770069
2480000000,-27.6435364626578
2480000000,-27.6233132981972
2480000000,-27.634704436263
2480000000,-27.6232569718132
2480000000,-27.6417015551653
2480000000,-27.6189829688146
2480000000,-27.623883502227
2480000000,-27.6347374493731
2480000000,-27.6292370883235
2480000000,-27.6235226365499
2480000000,-27.6233430880835
2480000000,-27.6109107637265
2480000000,-27.6293001951197
2480000000,-27.6268401470593
2480000000,-27.6268864581277
2480000000,-27.6205111596365
2480000000,-27.6220958101537
2480000000,-27.6139506714514
2480000000,-27.6168373394182
2480000000,-27.6010564241352
2480000000,-27.6221175252932
2480000000,-27.6219891314689
2480000000,-27.6071610284665
2480000000,-27.6061220672364
2480000000,-27.6162882999611
2480000000,-27.5989185576767
2480000000,-27.6153210418371
2480000000,-27.6087877153609
2480000000,-27.6113242867037
2480000000,-27.6074097122059
2480000000,-27.6074257026782
2480000000,-27.6105857766569
2480000000,-27.6035477778537
2480000000,-27.6045542534451
2480000000,-27.6044312632715
2480000000,-27.6046039737886
2480000000,-27.6071122116678
2480000000,-27.6151582172952
2480000000,-27.6052522014952
2480000000,-27.6103888264287
2480000000,-27.6094586885383
2480000000,-27.5915732404357
2480000000,-27.595873407198
2480000000,-27.5960659340498
2480000000,-27.6018551284605
2480000000,-27.608469875885
2480000000,-27.5956434794518
2480000000,-27.6060200191561
2480000000,-27.6023135540534
2480000000,-27.5959554386325
2480000000,-27.5995885648698
2480000000,-27.5977565486771
2480000000,-27.6023317756137
2480000000,-27.5994874360314
2480000000,-27.5961498308445
2480000000,-27.586049616163
2480000000,-27.6151528835452
2480000000,-27.5840959010555
2480000000,-27.5940753310463
2480000000,-27.5956895922769
2480000000,-27.5920924758968
2480000000,-27.6079751779546
2480000000,-27.6023591827053
2480000000,-27.5964265717098
2480000000,-27.5968892244725
2480000000,-27.5938111698978
2480000000,-27.5945163887419
2480000000,-27.5920193437104
2480000000,-27.5983791980154
2480000000,-27.5943545021935
2480000000,-27.5989627509636
2480000000,-27.5904258003345
2480000000,-27.5914124457878
2480000000,-27.5905543782437
2480000000,-27.5986608305273
2480000000,-27.5873385856588
2480000000,-27.6001659668934
2480000000,-27.5941341863369
2480000000,-27.5969364241068
2480000000,-27.5962992323172
2480000000,-27.6011556886101
2480000000,-27.6019540816308
2480000000,-27.5942673149264
2480000000,-27.6155844237924
2480000000,-27.6017576834829
2480000000,-27.5964755534666
2480000000,-27.5878340313197
2480000000,-27.5890707946287
2480000000,-27.5947423594753
2480000000,-27.5958413663523
2480000000,-27.5986235361202
2480000000,-27.5808274479448
2480000000,-27.6027434365165
2480000000,-27.6052023736854
2480000000,-27.5996016137983
2480000000,-27.5890407623494
2480000000,-27.5894829074648
2480000000,-27.5724774030102
2480000000,-27.575617506834
2480000000,-27.6000225084261
2480000000,-27.6061241814541
2480000000,-27.6026427627134
2480000000,-27.5907034542879
2480000000,-27.5803000267536
2480000000,-27.5994439356976
2480000000,-27.5828173590151
2480000000,-27.5895785786319
2480000000,-27.5823440091847
2480000000,-27.5807441288189
2480000000,-27.5937931487448
2480000000,-27.5846258225866
2480000000,-27.5979423067632
2480000000,-27.5849436656088
2480000000,-27.5855575556634
2480000000,-27.5802500990236
2480000000,-27.5821368609639
2480000000,-27.5793860897071
2480000000,-27.5823334488532
2480000000,-27.5688381257114
2480000000,-27.5677953092864
2480000000,-27.57775050478
2480000000,-27.5707518294683
2480000000,-27.5611790874922
2480000000,-27.5756099746503
2480000000,-27.5602340545886
2480000000,-27.5721332276229
2480000000,-27.5831200664495
2480000000,-27.5665413772494
2480000000,-27.5530715499293
2480000000,-27.5579966939866
2480000000,-27.5554604563888
2480000000,-27.5579028032668
2480000000,-27.5558990711921
2480000000,-27.5500388827657
2480000000,-27.5546730674769
2480000000,-27.5556622636336
2480000000,-27.5504910469598
2480000000,-27.5540343088383
2480000000,-27.5412470144328
2480000000,-27.5435463376913
2480000000,-27.5370369575967
2480000000,-27.5384971938845
2480000000,-27.5345227719988
2480000000,-27.5353385088513
2480000000,-27.5425681367943
2480000000,-27.5323569150232
2480000000,-27.534184006644
2480000000,-27.5377124975
2480000000,-27.5331244147156
2480000000,-27.5262046882471
2480000000,-27.5497767168328
2480000000,-27.5281226140825
2480000000,-27.5281806356087
2480000000,-27.5290322916529
2480000000,-27.5135985950364
2480000000,-27.5083609459571
2480000000,-27.5132884394995
2480000000,-27.5059670102773
2480000000,-27.506769792267
2480000000,-27.5065050850162
2480000000,-27.4967744653581
2480000000,-27.4986777773753
2480000000,-27.4942902950314
2480000000,-27.499680674619
2480000000,-27.4896324307272
2480000000,-27.4908232328956
2480000000,-27.4842846909964
2480000000,-27.5038367737797
2480000000,-27.4846699848053
2480000000,-27.4969377505966
2480000000,-27.4973514180386
2480000000,-27.4785196865301
2480000000,-27.4785346728437
2480000000,-27.4850837508336
2480000000,-27.470729833299
2480000000,-27.4794595321523
2480000000,-27.482633401615
2480000000,-27.5167503199
2480000000,-27.4835395782476
2480000000,-27.4717629932501
2480000000,-27.4724943062103
2480000000,-27.4633779093679
2480000000,-27.4574112277587
2480000000,-27.464652592885
2480000000,-27.4570181035551
2480000000,-27.4552818880635
2480000000,-27.4493116061055
2480000000,-27.459280434842
2480000000,-27.4529588908552
2480000000,-27.4477203613779
2480000000,-27.4582194737145
2480000000,-27.4609250511687
2480000000,-27.4365908873123
2480000000,-27.4365864777966
2480000000,-27.4320322624412
2480000000,-27.4182096267199
2480000000,-27.4445953882163
2480000000,-27.422132644035
2480000000,-27.4293767975272
2480000000,-27.4235870764839
2480000000,-27.4274468976059
2480000000,-27.4203933387331
2480000000,-27.4244818971296
2480000000,-27.4165043903852
2480000000,-27.4169981851692
2480000000,-27.4090871667818
2480000000,-27.4058695223311
2480000000,-27.4076079997809
2480000000,-27.3976037494154
2480000000,-27.41098433347
2480000000,-27.3940959308319
2480000000,-27.4072575070141
2480000000,-27.3851542680977
2480000000,-27.3965873222033
2480000000,-27.3955017426446
2480000000,-27.3990387369969
2480000000,-27.3822322266366
2480000000,-27.3697046098762
2480000000,-27.3739852667333
2480000000,-27.3805718626789
2480000000,-27.3495084317128
2480000000,-27.3634345820746
2480000000,-27.3579655666305
2480000000,-27.3634389137935
2480000000,-27.367204353172
2480000000,-27.3668546927376
2480000000,-27.3750945165711
2480000000,-27.3459555782326
2480000000,-27.3259178179921
2480000000,-27.3367937755066
2480000000,-27.3241647079705
2480000000,-27.3440532698856
2480000000,-27.3413556664548
2480000000,-27.3273814111481
2480000000,-27.3300033804356
2480000000,-27.3206461181596
2480000000,-27.3200793423221
2480000000,-27.326528310198
2480000000,-27.3132611553783
2480000000,-27.319376498536
2480000000,-27.3231012448744
2480000000,-27.3145314788472
2480000000,-27.292718171876
2480000000,-27.295218231405
2480000000,-27.3061880638846
2480000000,-27.3065541657485
2480000000,-27.2913570840733
2480000000,-27.297985310322
2480000000,-27.2776056399237
2480000000,-27.2761805786218
2480000000,-27.2919958897298
2480000000,-27.2847343404827
2480000000,-27.2737920671978
2480000000,-27.2811554579502
2480000000,-27.2659017398533
2480000000,-27.277454198088
2480000000,-27.2721396145571
2480000000,-27.2628665279913
2480000000,-27.255035454607
2480000000,-27.2547053681974
2480000000,-27.2548801615586
2480000000,-27.2487624448074
2480000000,-27.2387159076936
2480000000,-27.2441424238445
2480000000,-27.2376681963779
2480000000,-27.2467350873254
2480000000,-27.2380060847584
2480000000,-27.2227183752291
2480000000,-27.2151085247706
2480000000,-27.2057793851455
2480000000,-27.2081162814886
2480000000,-27.2188287822375
2480000000,-27.2089911072739
2480000000,-27.204592740049
2480000000,-27.1910828552959
2480000000,-27.188616614521
2480000000,-27.188948455842
2480000000,-27.1904232779387
2480000000,-27.1705372849708
2480000000,-27.1638557181622
2480000000,-27.1780400344183
2480000000,-27.178027315114
2480000000,-27.1642459940327
2480000000,-27.1720486011981
2480000000,-27.1522210782628
2480000000,-27.1506712718402
2480000000,-27.1364740458788
2480000000,-27.1457069040774
2480000000,-27.1356792864614
2480000000,-27.135922151142
2480000000,-27.1339235830682
2480000000,-27.1324789803539
2480000000,-27.1204853244074
2480000000,-27.1132698386162
2480000000,-27.1083506488196
2480000000,-27.1015364313014
2480000000,-27.1029814712082
2480000000,-27.0979590873663
2480000000,-27.0978776046806
2480000000,-27.0881194462904
2480000000,-27.097140180918
2480000000,-27.0746194717476
2480000000,-27.0748272723129
2480000000,-27.0623289455019
2480000000,-27.0601573311716
2480000000,-27.0649401539641
2480000000,-27.0587810496125
2480000000,-27.0535909035877
2480000000,-27.0575625763437
2480000000,-27.0417691351376
2480000000,-27.0483097484311
2480000000,-27.0434888676095
2480000000,-27.0346680392687
2480000000,-27.0376484833488
2480000000,-27.029563283561
2480000000,-27.0276110728069
2480000000,-27.0093407645422
2480000000,-27.0134086737685
2480000000,-27.0086591279572
2480000000,-26.988566235907
2480000000,-26.9796069051044
2480000000,-26.9814497580546
2480000000,-26.9761529676204
2480000000,-26.9816838415562
2480000000,-26.9587545051139
2480000000,-26.9726528574763
2480000000,-26.961616949123
2480000000,-26.9521912682305
2480000000,-26.9583911964432
2480000000,-26.9483247436151
2480000000,-26.9499546350993
2480000000,-26.9566591722608
2480000000,-26.9461070463315
2480000000,-26.9351535511626
2480000000,-26.9331066672406
2480000000,-26.9303931822056
2480000000,-26.9314866146784
2480000000,-26.9298394662642
2480000000,-26.9235876464274
2480000000,-26.9086734525547
2480000000,-26.913953977222
2480000000,-26.9062081083656
2480000000,-26.8933806141695
2480000000,-26.8925461860574
2480000000,-26.8991482881849
2480000000,-26.893174144757
2480000000,-26.8771834501943
2480000000,-26.8777739238854
2480000000,-26.8683344009531
2480000000,-26.8688816177308
2480000000,-26.8776446495858
2480000000,-26.8634405962661
2480000000,-26.8698865472205
2480000000,-26.8619502690445
2480000000,-26.8525580958524
2480000000,-26.857391939111
2480000000,-26.8546525556385
2480000000,-26.8430757849194
2480000000,-26.848632047878
2480000000,-26.8446322139886
2480000000,-26.8342466889667
2480000000,-26.8227762511016
2480000000,-26.8288384280366
2480000000,-26.8225907115358
2480000000,-26.8125239818794
2480000000,-26.8149185158836
2480000000,-26.8154531578472
2480000000,-26.8124979665009
2480000000,-26.7987208197722
2480000000,-26.803723677603
2480000000,-26.7996209604309
2480000000,-26.7857439794534
2480000000,-26.7799156913432
2480000000,-26.787113936991
2480000000,-26.7911067366839
2480000000,-26.7808730142835
2480000000,-26.7739064539077
2480000000,-26.7644002007241
2480000000,-26.7654256559055
2480000000,-26.7559547110003
2480000000,-26.7694181970286
2480000000,-26.7513883145783
2480000000,-26.7577172012502
2480000000,-26.7404770991763
2480000000,-26.7273852066227
2480000000,-26.7359862554461
2480000000,-26.7322870236738
2480000000,-26.7240645946462
2480000000,-26.7243427993961
2480000000,-26.713872525833
2480000000,-26.7103552332916
2480000000,-26.715055916309
2480000000,-26.7091820085743
2480000000,-26.699230778277
2480000000,-26.7071121728432
2480000000,-26.6973819709452
2480000000,-26.6933442911566
2480000000,-26.688694954392
2480000000,-26.6864125429841
2480000000,-26.6679206638162
2480000000,-26.6734391296328
2480000000,-26.6675902743663
2480000000,-26.6679297776222
2480000000,-26.6596066768541
2480000000,-26.6490857140196
2480000000,-26.645193737484
2480000000,-26.6434470400094
2480000000,-26.6374745271779
2480000000,-26.6346898059868
2480000000,-26.6289590324657
2480000000,-26.6230197343678
2480000000,-26.6208279024138
2480000000,-26.6259624044426
2480000000,-26.6047543122256
2480000000,-26.6108555260762
2480000000,-26.6114513788093
2480000000,-26.600160686563
2480000000,-26.5933090737769
2480000000,-26.5915688187666
2480000000,-26.587491153566
2480000000,-26.5878050668645
2480000000,-26.5821747557115
2480000000,-26.5784797200895
2480000000,-26.5661151648257
2480000000,-26.5784326425156
2480000000,-26.5614933020407
2480000000,-26.55701150161
2480000000,-26.5514280535288
2480000000,-26.5668279996894
2480000000,-26.5444052203694
2480000000,-26.5436681742218
2480000000,-26.5443162836809
2480000000,-26.5321961319052
2480000000,-26.5298507163086
2480000000,-26.5277254124567
2480000000,-26.5212002273466
2480000000,-26.5129969307105
2480000000,-26.5113067621623
2480000000,-26.5044256612628
2480000000,-26.5111600288487
2480000000,-26.4911747610526
2480000000,-26.4990385196737
2480000000,-26.4913831294528
2480000000,-26.490249939756
2480000000,-26.4938117397305
2480000000,-26.4948307654236
2480000000,-26.4744863381619
2480000000,-26.4803053874505
2480000000,-26.4761992529529
2480000000,-26.4722198303587
2480000000,-26.4511459447907
2480000000,-26.4439653277751
2480000000,-26.4488029828395
2480000000,-26.4569176762317
2480000000,-26.4536847303769
2480000000,-26.4351078535566
2480000000,-26.4341967166594
2480000000,-26.4370160434203
2480000000,-26.4253493273794
2480000000,-26.4249337920724
2480000000,-26.4198299315608
2480000000,-26.4184341259239
2480000000,-26.4160051402314
2480000000,-26.4179035148644
2480000000,-26.4080324400982
2480000000,-26.4039838895155
2480000000,-26.3984182866983
2480000000,-26.3896247454326
2480000000,-26.4003118580008
2480000000,-26.3994402007143
2480000000,-26.3916447508118
2480000000,-26.3913203591608
2480000000,-26.3872049947053
2480000000,-26.3846087513036
2480000000,-26.3822351409754
2480000000,-26.3766674930598
2480000000,-26.3746588039414
2480000000,-26.363968900501
2480000000,-26.363025927025
2480000000,-26.356528475814
2480000000,-26.3587565081055
2480000000,-26.3615136951078
2480000000,-26.3462671439175
2480000000,-26.3421499496643
2480000000,-26.356671663834
2480000000,-26.3382151313796
2480000000,-26.3370312221022
2480000000,-26.3373708299232
2480000000,-26.3410517416894
2480000000,-26.3329897614368
2480000000,-26.3339010764191
2480000000,-26.3128563878515
2480000000,-26.3185768644935
2480000000,-26.3173254608911
2480000000,-26.3227369729109
2480000000,-26.3206693315685
2480000000,-26.3137580858169
2480000000,-26.3120402854799
2480000000,-26.3115981628048
2480000000,-26.308932977893
2480000000,-26.3038986483898
2480000000,-26.3064358845301
2480000000,-26.2972491212764
2480000000,-26.2917219045963
2480000000,-26.3081956153065
2480000000,-26.289022187977
2480000000,-26.297023167201
2480000000,-26.2700964103764
2480000000,-26.2749722864283
2480000000,-26.2733821838824
2480000000,-26.2678476638166
2480000000,-26.2892353264821
2480000000,-26.282203151079
2480000000,-26.2691518188687
2480000000,-26.265754210085
2480000000,-26.2677995840963
2480000000,-26.2599448332606
2480000000,-26.2614634061365
2480000000,-26.268935153626
2480000000,-26.2750642488706
2480000000,-26.2466900733806
2480000000,-26.2471339004035
2480000000,-26.2436720619796
2480000000,-26.2199273223368
2480000000,-26.24501110571
2480000000,-26.2488830378755
2480000000,-26.239136039342
2480000000,-26.2428808653098
2480000000,-26.2462850079193
2480000000,-26.2422673246997
2480000000,-26.230078705782
2480000000,-26.2323354789768
2480000000,-26.2347291369785
2480000000,-26.2292716165037
2480000000,-26.2333358290891
2480000000,-26.2246996905493
2480000000,-26.2213390624861
2480000000,-26.2337585432584
2480000000,-26.236173243538
2480000000,-26.2092977311122
2480000000,-26.21407870946
2480000000,-26.2144488372745
2480000000,-26.2162485731605
2480000000,-26.2124871786856
2480000000,-26.2172684180621
2480000000,-26.2053858504625
2480000000,-26.1945150513426
2480000000,-26.2011843168979
2480000000,-26.1944495600554
2480000000,-26.2011673038911
2480000000,-26.1979300745434
2480000000,-26.1920890724404
2480000000,-26.1955676607293
2480000000,-26.1919110483513
2480000000,-26.1860659903488
2480000000,-26.1923312857675
2480000000,-26.1924184363703
2480000000,-26.1824941354282
2480000000,-26.1887532162005
2480000000,-26.1781613728908
2480000000,-26.1902064995124
2480000000,-26.1736614104268
2480000000,-26.1762568004955
2480000000,-26.1775672370703
2480000000,-26.1612706002339
2480000000,-26.1603024862286
2480000000,-26.177291724618
2480000000,-26.1691067564484
2480000000,-26.159705706847
2480000000,-26.1654389628436
2480000000,-26.1657251819884
2480000000,-26.153330391593
2480000000,-26.1517541474858
2480000000,-26.1571539176005
2480000000,-26.1374851807723
2480000000,-26.1419148232978
2480000000,-26.1367473328287
2480000000,-26.137659608582
2480000000,-26.1400198711326
2480000000,-26.1457105599026
2480000000,-26.1424576757306
2480000000,-26.144352622839
2480000000,-26.1248220903493
2480000000,-26.1309468712595
2480000000,-26.1287453380702
2480000000,-26.1324350747512
2480000000,-26.1187875834889
2480000000,-26.1148790325367
2480000000,-26.1218901770841
2480000000,-26.1198736389621
2480000000,-26.1183597921904
2480000000,-26.1144717074098
2480000000,-26.1228335350005
2480000000,-26.1120343505145
2480000000,-26.0983485190755
2480000000,-26.10691484347
2480000000,-26.1046898177222
2480000000,-26.104505736852
2480000000,-26.0878996858554
2480000000,-26.0950172553328
2480000000,-26.0928205013617
2480000000,-26.0880368471924
2480000000,-26.0870747115416
2480000000,-26.0971610461074
2480000000,-26.0851088595203
2480000000,-26.0834654755755
2480000000,-26.0760278946184
2480000000,-26.0722963407286
2480000000,-26.0723211921534
2480000000,-26.0733774995637
2480000000,-26.0677038494404
2480000000,-26.0761825268105
2480000000,-26.0556470425996
2480000000,-26.0631121649261
2480000000,-26.0483371603699
2480000000,-26.060551421232
2480000000,-26.0585016935375
2480000000,-26.0614041447822
2480000000,-26.054875528553
2480000000,-26.0538922699576
2480000000,-26.0434728432899
2480000000,-26.0340351195966
2480000000,-26.0361604517956
2480000000,-26.0337644664406
2480000000,-26.0281111664228
2480000000,-26.0263139243254
2480000000,-26.0284450574103
2480000000,-26.0213554729509
2480000000,-26.0234869847294
2480000000,-26.0114639619364
2480000000,-26.0075488285025
2480000000,-25.998886781078
2480000000,-26.0077281044596
2480000000,-26.0132045299352
2480000000,-25.9968340569182
2480000000,-25.9998996741325
2480000000,-25.9949780239307
2480000000,-25.9839388517739
2480000000,-26.0020852197509
2480000000,-25.9899471108753
2480000000,-25.9734475328375
2480000000,-25.9801131648392
2480000000,-25.9868026775522
2480000000,-25.9894923770064
2480000000,-25.9756907263907
2480000000,-25.9762522474303
2480000000,-25.9733441069951
2480000000,-25.9621911854198
2480000000,-25.9589858946888
2480000000,-25.9585945245554
2480000000,-25.9551733556174
2480000000,-25.9414554383341
2480000000,-25.9521514583296
2480000000,-25.9685389462627
2480000000,-25.9498727173251
2480000000,-25.9486427908126
2480000000,-25.9423199537249
2480000000,-25.9368219195971
2480000000,-25.9358954789958
2480000000,-25.9399022659864
2480000000,-25.9266540440168
2480000000,-25.9218644859666
2480000000,-25.8846795209276
2480000000,-25.8823834267979
2480000000,-25.8735655101996
2480000000,-25.8770335916116
2480000000,-25.8725174077503
2480000000,-25.860995785449
2480000000,-25.8802788572011
2480000000,-25.8656931765961
2480000000,-25.8665589237755
2480000000,-25.8542373927316
2480000000,-25.850367509085
2480000000,-25.8741061902922
2480000000,-25.8567474472203
2480000000,-25.8381911410992
2480000000,-25.8510419849892
2480000000,-25.8377685043944
2480000000,-25.8414155430615
2480000000,-25.8363934245907
2480000000,-25.8143780861469
2480000000,-25.8221836320537
2480000000,-25.8239529848392
2480000000,-25.8189842869819
2480000000,-25.8278870783124
2480000000,-25.8604744722674
2480000000,-25.8421784949077
2480000000,-25.8489856197617
2480000000,-25.8485797809972
2480000000,-25.8436069717444
2480000000,-25.8408627850364
2480000000,-25.8333621929002
2480000000,-25.8281874263238
2480000000,-25.8320637558823
2480000000,-25.8222819567336
2480000000,-25.8218002460464
2480000000,-25.8201700908813
2480000000,-25.8111812776115
2480000000,-25.8076326978671
2480000000,-25.8086789532757
2480000000,-25.8095838359174
2480000000,-25.8064943717708
2480000000,-25.8037244691091
2480000000,-25.8080654783934
2480000000,-25.7886457395508
2480000000,-25.7833877242794
2480000000,-25.7871698489017
2480000000,-25.7836671874161
2480000000,-25.7763349362837
2480000000,-25.7829750010464
2480000000,-25.7752303644049
2480000000,-25.7819656694143
2480000000,-25.7610071154002
2480000000,-25.7663531293589
2480000000,-25.7612960426575
2480000000,-25.7570082255925
2480000000,-25.7532774384976
2480000000,-25.7590856117755
2480000000,-25.7430494950717
2480000000,-25.74577136144
2480000000,-25.7456662451852
2480000000,-25.7350645042335
2480000000,-25.7203322283547
2480000000,-25.7460226134984
2480000000,-25.7257949449768
2480000000,-25.7285023500097
2480000000,-25.7152226177611
2480000000,-25.7158303458551
2480000000,-25.7092280880038
2480000000,-25.6953455139883
2480000000,-25.6999327034327
2480000000,-25.6954173546513
2480000000,-25.6970063020662
2480000000,-25.6991787884819
2480000000,-25.6936699058753
2480000000,-25.6850606895062
2480000000,-25.6774480978462
2480000000,-25.6791421490617
2480000000,-25.6744079397004
2480000000,-25.6766252818099
2480000000,-25.6648202084644
2480000000,-25.6639727369525
2480000000,-25.6637206799399
2480000000,-25.66128689614
2480000000,-25.6593734181907
2480000000,-25.6576166711183
2480000000,-25.6511410052931
2480000000,-25.6493045681857
2480000000,-25.643948160329
2480000000,-25.6373547265394
2480000000,-25.6393286678945
2480000000,-25.6359892549301
2480000000,-25.6275947974757
2480000000,-25.627422066067
2480000000,-25.6326387726603
2480000000,-25.6157836492425
2480000000,-25.6197796242367
2480000000,-25.6156004381898
2480000000,-25.6241458237368
2480000000,-25.5987097357725
2480000000,-25.5973955004565
2480000000,-25.5894532366805
2480000000,-25.5932530343996
2480000000,-25.5900244157081
2480000000,-25.5883896131714
2480000000,-25.584041759703
2480000000,-25.5842224000482
2480000000,-25.5728357036215
2480000000,-25.5774797837352
2480000000,-25.5710768224502
2480000000,-25.5703087763544
2480000000,-25.5594543314274
2480000000,-25.56109523633
2480000000,-25.5693408702924
2480000000,-25.5453207119451
2480000000,-25.5520000782141
2480000000,-25.5531792380677
2480000000,-25.5446296795254
2480000000,-25.5513692077694
2480000000,-25.5443928542805
2480000000,-25.5403028972116
2480000000,-25.5360750998526
2480000000,-25.5322557215465
2480000000,-25.5353781825546
2480000000,-25.5256874823393
2480000000,-25.5224673129079
2480000000,-25.5178983716175
2480000000,-25.5199517472857
2480000000,-25.5019723172046
2480000000,-25.501725184075
2480000000,-25.491418377861
2480000000,-25.4916978212208
2480000000,-25.5043284069137
2480000000,-25.4826444933771
2480000000,-25.4758612017379
2480000000,-25.4878264530767
2480000000,-25.4747154864722
2480000000,-25.478336418931
2480000000,-25.4751923626986
2480000000,-25.4570934488143
2480000000,-25.4572037426586
2480000000,-25.4764525823279
2480000000,-25.4638423778769
2480000000,-25.4586938154926
2480000000,-25.4527245240157
2480000000,-25.4322072867943
2480000000,-25.4381569386156
2480000000,-25.4504432791672
2480000000,-25.4290349974418
2480000000,-25.4288537567414
2480000000,-25.432704782226
2480000000,-25.4117833865568
2480000000,-25.4224445047796
2480000000,-25.4316859261408
2480000000,-25.3814288027754
2480000000,-25.4150952833807
2480000000,-25.4104176941513
2480000000,-25.4067330374606
2480000000,-25.3935686922257
2480000000,-25.4043815229982
2480000000,-25.3936401353398
2480000000,-25.4308460150804
2480000000,-25.3841081645967
2480000000,-25.3748339704636
2480000000,-25.3824714663613
2480000000,-25.3719617115701
2480000000,-25.3674850776843
2480000000,-25.3606772606851
2480000000,-25.3670237812904
2480000000,-25.3627331064291
2480000000,-25.3522317826735
2480000000,-25.3522573123451
2480000000,-25.3515313311199
2480000000,-25.3363568791539
2480000000,-25.3362114480671
2480000000,-25.3391463861341
2480000000,-25.3299021206032
2480000000,-25.3200651873633
2480000000,-25.3220592968175
2480000000,-25.3144382485172
2480000000,-25.3046807905334
2480000000,-25.3038723074258
2480000000,-25.3077891765244
2480000000,-25.2945451038456
2480000000,-25.302414772696
2480000000,-25.2907953736229
2480000000,-25.2980378801343
2480000000,-25.2901022755435
2480000000,-25.2890947163489
2480000000,-25.2795281445313
2480000000,-25.2710977079178
2480000000,-25.2714358112412
2480000000,-25.263144863024
2480000000,-25.2667465360268
2480000000,-25.2623425880462
2480000000,-25.2567908684122
2480000000,-25.2542364107277
2480000000,-25.2521254381422
2480000000,-25.2379547093094
2480000000,-25.2457898912436
2480000000,-25.2552434606223
2480000000,-25.2329044989796
2480000000,-25.23271977905
2480000000,-25.2271607423242
2480000000,-25.2209315276994
2480000000,-25.2185151165457
2480000000,-25.2059693471654
2480000000,-25.2050906088211
2480000000,-25.2157481746648
2480000000,-25.2031342851393
2480000000,-25.1905081928404
2480000000,-25.191821474908
2480000000,-25.184742297625
2480000000,-25.1855263324698
2480000000,-25.1887793456586
2480000000,-25.1602775682033
2480000000,-25.1689073723052
2480000000,-25.1677013763539
2480000000,-25.1723122347743
2480000000,-25.1679229908829
2480000000,-25.15558071959
2480000000,-25.1534938503753
2480000000,-25.1479851359442
2480000000,-25.1394909140982
2480000000,-25.1408907093473
2480000000,-25.1377845515508
2480000000,-25.1329046412953
2480000000,-25.117639008175
2480000000,-25.1248257465511
2480000000,-25.1172166975571
2480000000,-25.1153702355338
2480000000,-25.1099511861356
2480000000,-25.102140669078
2480000000,-25.096956828848
2480000000,-25.0987931980975
2480000000,-25.1020358101875
2480000000,-25.0828860279048
2480000000,-25.0925454720039
2480000000,-25.0795513685908
2480000000,-25.0803161086898
2480000000,-25.0758123949529
2480000000,-25.0509933126689
2480000000,-25.0578439414049
2480000000,-25.060810851358
2480000000,-25.0708136915095
2480000000,-25.052892922775
2480000000,-25.0399199795459
2480000000,-25.0406113091138
2480000000,-25.0485962990644
2480000000,-25.0376758011001
2480000000,-25.0394572533755
2480000000,-25.028290195281
2480000000,-25.0098789402502
2480000000,-25.0296306388168
2480000000,-25.0086714660527
2480000000,-25.0088049656078
2480000000,-25.0139352745894
2480000000,-25.0085788550104
2480000000,-25.0005081013219
2480000000,-24.9948301632811
2480000000,-24.9897286470424
2480000000,-24.9825835043197
2480000000,-24.9851272422196
2480000000,-24.9744882200182
2480000000,-24.9815819841209
2480000000,-24.9616281186955
2480000000,-24.9552142188188
2480000000,-24.9615296442147
2480000000,-24.9568701128514
2480000000,-24.9478873545763
2480000000,-24.9436872220356
2480000000,-24.9371340115857
2480000000,-24.9389424689189
2480000000,-24.9390517528785
2480000000,-24.9313527988202
2480000000,-24.9276400633265
2480000000,-24.9129388823561
2480000000,-24.9124941800337
2480000000,-24.9111820449002
2480000000,-24.9042100256687
2480000000,-24.9137200481979
2480000000,-24.9044646931083
2480000000,-24.9042860603554
2480000000,-24.8966361569553
2480000000,-24.89154710824
2480000000,-24.8760325282013
2480000000,-24.8831368775484
2480000000,-24.8662015466306
2480000000,-24.8629964872426
2480000000,-24.8743069983016
2480000000,-24.8544494817346
2480000000,-24.8735351680084
2480000000,-24.8536592482902
2480000000,-24.8474269865528
2480000000,-24.8519373934633
2480000000,-24.8448362290215
2480000000,-24.834510005824
2480000000,-24.8419885053572
2480000000,-24.8380292725681
2480000000,-24.8338188367098
2480000000,-24.8282192095956
2480000000,-24.8233489206728
2480000000,-24.8162606813036
2480000000,-24.8075995780911
2480000000,-24.8072499711406
2480000000,-24.8105460464092
2480000000,-24.8012242415282
2480000000,-24.7902967460027
2480000000,-24.8074898708076
2480000000,-24.7725994714277
2480000000,-24.7884618665352
2480000000,-24.7913040002432
2480000000,-24.7837948184364
2480000000,-24.7655666619513
2480000000,-24.7637350633435
2480000000,-24.7678150988459
2480000000,-24.7533453600655
2480000000,-24.7669392247633
2480000000,-24.7635474460111
2480000000,-24.7548408863604
2480000000,-24.746266217731
2480000000,-24.7502783020898
2480000000,-24.7361104143097
2480000000,-24.7313817807184
2480000000,-24.7350273323561
2480000000,-24.7310829996933
2480000000,-24.7273449622754
2480000000,-24.7228623521454
2480000000,-24.7133577275371
2480000000,-24.7081032734961
2480000000,-24.7062965396045
2480000000,-24.6989063308453
2480000000,-24.699663451485
2480000000,-24.6926806827909
2480000000,-24.690220253759
2480000000,-24.7025676192768
2480000000,-24.6864700568092
2480000000,-24.6895300309867
2480000000,-24.6768656825817
2480000000,-24.6769897254483
2480000000,-24.6771690257103
2480000000,-24.6693221093947
2480000000,-24.6667522107267
2480000000,-24.64665870649
2480000000,-24.6469366111858
2480000000,-24.6516910182147
2480000000,-24.6449021454668
2480000000,-24.6492377056988
2480000000,-24.6423287524728
2480000000,-24.6333937676299
2480000000,-24.6344265698779
2480000000,-24.6159898567642
2480000000,-24.628170812077
2480000000,-24.6220073687303
2480000000,-24.6185133896379
2480000000,-24.6109295381842
2480000000,-24.6178225945136
2480000000,-24.625421461928
2480000000,-24.6026398575832
2480000000,-24.5938468888393
2480000000,-24.5860473810003
2480000000,-24.5936753099342
2480000000,-24.5871254147493
2480000000,-24.5796374150718
2480000000,-24.587792136999
2480000000,-24.5748726217032
2480000000,-24.5750003065108
2480000000,-24.5650365691203
2480000000,-24.5539073443173
2480000000,-24.5676494118343
2480000000,-24.5562968412785
2480000000,-24.5563805152755
2480000000,-24.5499527532167
2480000000,-24.5507065099903
2480000000,-24.5407754566584
2480000000,-24.53570619529
2480000000,-24.5363318456328
2480000000,-24.5321881529975
2480000000,-24.5190147457895
2480000000,-24.5251069784181
2480000000,-24.5242932894797
2480000000,-24.5215573246361
2480000000,-24.5069613792131
2480000000,-24.5088845928364
2480000000,-24.5000198770197
2480000000,-24.5066293293425
2480000000,-24.4965814437565
2480000000,-24.4938433412779
2480000000,-24.4907521636918
2480000000,-24.4839218206206
2480000000,-24.4822140462503
2480000000,-24.4801270357545
2480000000,-24.481391482837
2480000000,-24.4744750101874
2480000000,-24.4790154631916
2480000000,-24.4729943796935
2480000000,-24.467892117244
2480000000,-24.4680135872363
2480000000,-24.4585037400111
2480000000,-24.4604524570735
2480000000,-24.4461276832824
2480000000,-24.4570158396704
2480000000,-24.4562142120978
2480000000,-24.4449242700889
2480000000,-24.4440725166983
2480000000,-24.4370553341898
2480000000,-24.441492644898
2480000000,-24.4376278800334
2480000000,-24.4412417607352
2480000000,-24.4295795471381
2480000000,-24.4292922770884
2480000000,-24.4240263827397
2480000000,-24.4165721048657
2480000000,-24.4145979207193
2480000000,-24.4164532162354
2480000000,-24.4116317451773
2480000000,-24.4104431632921
2480000000,-24.4122050352526
2480000000,-24.4026056779191
2480000000,-24.3978845997358
2480000000,-24.3926886741055
2480000000,-24.3926051013266
2480000000,-24.3813683908175
2480000000,-24.3806967029964
2480000000,-24.3862820602597
2480000000,-24.3789956423401
2480000000,-24.3808721536937
2480000000,-24.3752442403138
2480000000,-24.3750741984861
2480000000,-24.3653505234539
2480000000,-24.3669550798653
2480000000,-24.3544023565182
2480000000,-24.3625731890139
2480000000,-24.3700785755132
2480000000,-24.3582057582969
2480000000,-24.349701851745
2480000000,-24.3401734523995
2480000000,-24.3467589101913
2480000000,-24.338862650026
2480000000,-24.3387138307831
2480000000,-24.3379835654916
2480000000,-24.3371244783412
2480000000,-24.3310949562084
2480000000,-24.3239500286895
2480000000,-24.3227636310035
2480000000,-24.3265902800425
2480000000,-24.3298133272747
2480000000,-24.3242779715426
2480000000,-24.3170638211192
2480000000,-24.3188339763942
2480000000,-24.3168679915662
2480000000,-24.3054800383271
2480000000,-24.3072057377122
2480000000,-24.3011071671962
2480000000,-24.292605124608
2480000000,-24.2918292063672
2480000000,-24.2953669177678
2480000000,-24.2906277661082
2480000000,-24.2842103998591
2480000000,-24.2810139161313
2480000000,-24.2602536562175
2480000000,-24.2532585587094
2480000000,-24.2848075542734
2480000000,-24.2780764311963
2480000000,-24.2665542087431
2480000000,-24.2701366092506
2480000000,-24.263645347771
2480000000,-24.2511906162556
2480000000,-24.2545020949334
2480000000,-24.2554419658124
2480000000,-24.2535124967518
2480000000,-24.2414239154426
2480000000,-24.2538046168225
2480000000,-24.2447902302282
2480000000,-24.2405333443931
2480000000,-24.2355905918062
2480000000,-24.2376935007297
2480000000,-24.2306162306014
2480000000,-24.2306996012061
2480000000,-24.2248838534283
2480000000,-24.2244887719183
2480000000,-24.2223342375402
2480000000,-24.222238716576
2480000000,-24.2236809953985
2480000000,-24.2302702265769
2480000000,-24.220174394888
2480000000,-24.2215076660651
2480000000,-24.2149045415368
2480000000,-24.2086333116988
2480000000,-24.2096145694379
2480000000,-24.2139987332694
2480000000,-24.2064534915688
2480000000,-24.2039268045446
2480000000,-24.2044137004368
2480000000,-24.2043651086309
2480000000,-24.194649539397
2480000000,-24.2030423750523
2480000000,-24.1962460788849
2480000000,-24.1890865816163
2480000000,-24.1937826888786
2480000000,-24.1859707922161
2480000000,-24.1988124445005
2480000000,-24.1874519871084
2480000000,-24.1866072210682
2480000000,-24.1756916307042
2480000000,-24.1836657135616
2480000000,-24.1820972914284
2480000000,-24.1873794985134
2480000000,-24.1744235902069
2480000000,-24.180905679697
2480000000,-24.1821701563414
2480000000,-24.1791424095594
2480000000,-24.1660401464762
2480000000,-24.1725103161462
2480000000,-24.1627229157445
2480000000,-24.1664463735141
2480000000,-24.1640634746572
2480000000,-24.1579035974462
2480000000,-24.1570750632346
2480000000,-24.1530572786032
2480000000,-24.1541551606957
2480000000,-24.1472237051556
2480000000,-24.1600873658434
2480000000,-24.1560392893097
2480000000,-24.1548323111475
2480000000,-24.1543069028533
2480000000,-24.1505553952792
2480000000,-24.1492120859181
2480000000,-24.1364689153624
2480000000,-24.124920448016
2480000000,-24.1425040811648
2480000000,-24.1327000570995
2480000000,-24.1383197739825
2480000000,-24.1282069053755
2480000000,-24.1268838729121
2480000000,-24.1227439170789
2480000000,-24.124800915649
2480000000,-24.1228895488426
2480000000,-24.1279352712969
2480000000,-24.1226317197491
2480000000,-24.1110960870569
2480000000,-24.1252739401914
2480000000,-24.1151387158152
2480000000,-24.1163445787955
2480000000,-24.1139353852249
2480000000,-24.1186762343187
2480000000,-24.1044291989311
2480000000,-24.0947158508568
2480000000,-24.1083691971664
2480000000,-24.1020060376924
2480000000,-24.0932854474042
2480000000,-24.0979256126554
2480000000,-24.0987126232659
2480000000,-24.0878986507823
2480000000,-24.0885088518252
2480000000,-24.0868190388672
2480000000,-24.0874879503671
2480000000,-24.0910906800405
2480000000,-24.092004746285
2480000000,-24.0804846611276
2480000000,-24.0692807859702
2480000000,-24.0832490465319
2480000000,-24.1072609263248
2480000000,-24.0731195298795
2480000000,-24.0675760214046
2480000000,-24.0718684029436
2480000000,-24.0756769296507
2480000000,-24.0741995502872
2480000000,-24.0664196923933
2480000000,-24.0662015462667
2480000000,-24.0606661313922
2480000000,-24.0500773376252
2480000000,-24.0547955313395
2480000000,-24.0572925977087
2480000000,-24.050306813374
2480000000,-24.041601475887
2480000000,-24.0518980786222
2480000000,-24.0507070676017
2480000000,-24.0411641810768
2480000000,-24.041609027867
2480000000,-24.0343945140989
2480000000,-24.0409104573981
2480000000,-24.0441339311424
2480000000,-24.0362102959599
2480000000,-24.0379366804896
2480000000,-24.0328250701086
2480000000,-24.0374766955767
2480000000,-24.0261833448969
2480000000,-24.02741812531
2480000000,-24.0278028137349
2480000000,-24.0269564491644
2480000000,-24.0236707785875
2480000000,-24.023745339904
2480000000,-24.0142723960252
2480000000,-24.0280620693621
2480000000,-24.0233858888009
2480000000,-24.0154403073232
2480000000,-24.0140703841981
2480000000,-24.0204501402913
2480000000,-24.0165362987937
2480000000,-24.01128579395
2480000000,-24.0051818464661
2480000000,-24.0189147525705
2480000000,-24.008090214355
2480000000,-24.0030422181873
2480000000,-24.0046593568771
2480000000,-24.0046900847873
2480000000,-24.0061788535018
2480000000,-24.0147423513271
2480000000,-24.0058441824329
2480000000,-24.0000565440972
2480000000,-24.0007544943542
2480000000,-23.9938681234765
2480000000,-24.0078635188102
2480000000,-23.9989391180033
2480000000,-23.9978687715013
2480000000,-23.985671251503
2480000000,-23.9921302787364
2480000000,-23.9986939401295
2480000000,-24.0043469516514
2480000000,-23.9974475182512
2480000000,-23.9929914253043
2480000000,-23.992960471733
2480000000,-24.0023263524097
2480000000,-23.9940050712965
2480000000,-23.9915963562957
2480000000,-23.9908327966037
2480000000,-23.9860172551337
2480000000,-23.9859220640754
2480000000,-23.995219401001
2480000000,-23.9924833703526
2480000000,-23.9934222196455
2480000000,-23.9900460153399
2480000000,-23.9888352885574
2480000000,-23.9857797771028
2480000000,-23.9907512077619
2480000000,-23.989306948556
2480000000,-23.9911923889354
2480000000,-23.9945888651435
2480000000,-23.9977189448699
2480000000,-23.9860666269005
2480000000,-23.9933265625783
2480000000,-23.9887666547621
2480000000,-23.9894511950493
2480000000,-24.0000507450938
2480000000,-23.989259020639
2480000000,-23.9961703229925
2480000000,-23.9714322732321
2480000000,-24.0013761455176
2480000000,-23.9867543621693
2480000000,-23.9936909141167
2480000000,-23.9877335295138
2480000000,-23.998586447905
2480000000,-23.9929659032756
2480000000,-23.9870959775929
2480000000,-23.9997036028374
2480000000,-23.989183910715
2480000000,-23.9845209435047
2480000000,-23.9849122845811
2480000000,-23.9858978176493
2480000000,-23.9883377530406
2480000000,-23.9867054163904
2480000000,-23.9888672576493
2480000000,-23.9858058897721
2480000000,-23.9857851495057
2480000000,-24.0043106154269
2480000000,-23.9935748602017
2480000000,-23.9976611665552
2480000000,-23.9943991857903
2480000000,-23.985715531765
2480000000,-23.9921101709401
2480000000,-23.9831016248247
2480000000,-23.9822946289883
2480000000,-23.9970408138824
2480000000,-23.9967072793159
2480000000,-23.9939051606452
2480000000,-23.9981740343634
2480000000,-23.9962198118572
2480000000,-23.9832447409896
2480000000,-23.9890827109786
2480000000,-24.0027952173322
2480000000,-23.9887647469227
2480000000,-23.9970648067518
2480000000,-23.9939518954626
2480000000,-23.99083191184
2480000000,-23.9979926388066
2480000000,-24.000232753677
2480000000,-23.99600950958
2480000000,-23.9810664153791
2480000000,-23.9951584350213
2480000000,-23.9950443637802
2480000000,-23.9971352223823
2480000000,-23.9980625833672
2480000000,-23.9928697806365
2480000000,-23.9974935961109
2480000000,-23.993019413932
2480000000,-24.0030829200732
2480000000,-23.9965745760732
2480000000,-24.004322805488
2480000000,-24.0009209136574
2480000000,-24.0023932029355
2480000000,-23.9993414502047
2480000000,-24.0062985441062
2480000000,-24.0019594908342
2480000000,-24.0034692301583
2480000000,-23.9963564855542
2480000000,-23.9968443964939
2480000000,-23.9973834689666
2480000000,-24.0061751833971
2480000000,-23.9962293426366
2480000000,-23.9996729234476
2480000000,-23.9982221141313
2480000000,-24.0079383892934
2480000000,-23.9979982638221
2480000000,-24.0032887794972
2480000000,-24.0016602108326
2480000000,-24.009592668407
2480000000,-24.0007217991132
2480000000,-24.0006684274702
2480000000,-24.0035537855036
2480000000,-24.0007522441858
2480000000,-24.0102899571483
2480000000,-24.0145014433126
2480000000,-24.0048995419396
2480000000,-24.0172600553532
2480000000,-24.0191625425608
2480000000,-24.0131117958913
2480000000,-24.0085493187286
2480000000,-24.010772605381
2480000000,-24.0038203231164
2480000000,-24.0121792321695
2480000000,-24.0069157407669
2480000000,-24.0052910640113
2480000000,-24.0192732066157
2480000000,-24.0113620709835
2480000000,-24.0115666427077
2480000000,-24.0267120256453
2480000000,-24.0234694623734
2480000000,-24.0153646626441
2480000000,-24.0133788766789
2480000000,-24.0135229057408
2480000000,-24.0187941170234
2480000000,-24.0230360109655
2480000000,-24.0145257402888
2480000000,-24.0345634586611
2480000000,-24.0253195522915
2480000000,-24.0184491617367
2480000000,-24.0242954409122
2480000000,-24.0328816341764
2480000000,-24.0355951972732
2480000000,-24.0173674060261
2480000000,-24.0263404298245
2480000000,-24.0333165999422
2480000000,-24.0276988830998
2480000000,-24.0309795039614
2480000000,-24.0352049569044
2480000000,-24.033929973774
2480000000,-24.0342614198247
2480000000,-24.0317323870669
2480000000,-24.0304145791524
2480000000,-24.0336273338518
2480000000,-24.0347272909026
2480000000,-24.038922826121
2480000000,-24.0455898368587
2480000000,-24.0410905082317
2480000000,-24.0409156412581
2480000000,-24.0377285174389
2480000000,-24.0364641827035
2480000000,-24.0471776881798
2480000000,-24.043927121706
2480000000,-24.0358518357972
2480000000,-24.0480384100616
2480000000,-24.0454413482404
2480000000,-24.0529751588989
2480000000,-24.039071334747
2480000000,-24.0469326870161
2480000000,-24.051674703398
2480000000,-24.0570098300132
2480000000,-24.0489376924165
2480000000,-24.0480292585634
2480000000,-24.0455961791307
2480000000,-24.0407976897733
2480000000,-24.0339452288889
2480000000,-24.0491962370324
2480000000,-24.0550667881736
2480000000,-23.9983489313796
2480000000,-24.0610710378745
2480000000,-24.0320361998209
2480000000,-24.0647247496344
2480000000,-24.0615432679202
2480000000,-24.0592341638721
2480000000,-24.056638480829
2480000000,-24.0639596831607
2480000000,-24.0553383634914
2480000000,-24.0679088050131
2480000000,-24.062146169038
2480000000,-24.0704045424559
2480000000,-24.05523406001
2480000000,-24.0783129379716
2480000000,-24.0601270522896
2480000000,-24.0683513498439
2480000000,-24.0738313082266
2480000000,-24.0718950563083
2480000000,-24.0659688708276
2480000000,-24.0729200533698
2480000000,-24.0728334311591
2480000000,-24.0842607316401
2480000000,-24.0716486497262
2480000000,-24.0705047289779
2480000000,-24.0676610121346
2480000000,-24.0766831178679
2480000000,-24.0670843072863
2480000000,-24.0815034230587
2480000000,-24.0772213357919
2480000000,-24.0812621447948
2480000000,-24.0841881080805
2480000000,-24.0766953555896
2480000000,-24.0757982375279
2480000000,-24.0827795368745
2480000000,-24.0789357105413
2480000000,-24.086738872305
2480000000,-24.0889330468146
2480000000,-24.0854490583745
2480000000,-24.0856640930207
2480000000,-24.0908109934918
2480000000,-24.0887018366427
2480000000,-24.0832925197864
2480000000,-24.0877869531361
2480000000,-24.0868954878634
2480000000,-24.0911725318595
2480000000,-24.1034921099562
2480000000,-24.090873514262
2480000000,-24.1008788553026
2480000000,-24.0910692269194
2480000000,-24.1020253767922
2480000000,-24.0901254892481
2480000000,-24.0974930312025
2480000000,-24.0892288281101
2480000000,-24.0985922374181
2480000000,-24.1021835930312
2480000000,-24.086543755346
2480000000,-24.094473021117
2480000000,-24.1068795392928
2480000000,-24.0914680705097
2480000000,-24.1052688707634
2480000000,-24.1012166899927
2480000000,-24.1042757521653
2480000000,-24.0972477489611
2480000000,-24.1038605620404
2480000000,-24.1041115032773
2480000000,-24.1065605637998
2480000000,-24.097638935913
2480000000,-24.1124442789229
2480000000,-24.1158369964709
2480000000,-24.1103652272012
2480000000,-24.1154949627446
2480000000,-24.1132815701968
2480000000,-24.0984488470388
2480000000,-24.1024593411064
2480000000,-24.1182248306988
2480000000,-24.1071848608941
2480000000,-24.1146775547798
2480000000,-24.1196217024982
2480000000,-24.1192894240263
2480000000,-24.1205510668624
2480000000,-24.1199282547633
2480000000,-24.1108257303813
2480000000,-24.1261508297383
2480000000,-24.1188271801253
2480000000,-24.1260898475484
2480000000,-24.1334298196532
2480000000,-24.1234609007978
2480000000,-24.1265870741562
2480000000,-24.1346496244002
2480000000,-24.1280157710994
2480000000,-24.1274282348539
2480000000,-24.1278383537521
2480000000,-24.132155070653
2480000000,-24.1261564643242
2480000000,-24.1267431809243
2480000000,-24.1382865321709
2480000000,-24.1407870817072
2480000000,-24.1281091871861
2480000000,-24.1271156386915
2480000000,-24.1404455844147
2480000000,-24.135518058475
2480000000,-24.1365738115765
2480000000,-24.1310531606654
2480000000,-24.1411663286063
2480000000,-24.1457264772035
2480000000,-24.1467323977223
2480000000,-24.1347815633329
2480000000,-24.1501891250421
2480000000,-24.1484787941567
2480000000,-24.1474321525532
2480000000,-24.1429585308473
2480000000,-24.1387509141829
2480000000,-24.1474236873546
2480000000,-24.1492979059853
2480000000,-24.1502115942809
2480000000,-24.1464861724138
2480000000,-24.1489703998442
2480000000,-24.1557406567206
2480000000,-24.1585738522195
2480000000,-24.146928126336
2480000000,-24.1542186838227
2480000000,-24.1567114356069
2480000000,-24.152735508874
2480000000,-24.1535963159898
2480000000,-24.1476026254742
2480000000,-24.1517727070767
2480000000,-24.1629874256418
2480000000,-24.164955509642
2480000000,-24.1565745834862
2480000000,-24.1640089685101
2480000000,-24.1526462734445
2480000000,-24.1680394096165
2480000000,-24.1608706989081
2480000000,-24.1572097450033
2480000000,-24.1659795727432
2480000000,-24.1677357637813
2480000000,-24.171368565417
2480000000,-24.1710874900494
2480000000,-24.1726637510836
2480000000,-24.1757341957052
2480000000,-24.1760314184061
2480000000,-24.1732087655135
2480000000,-24.1685786662934
2480000000,-24.1640339507035
2480000000,-24.1733381410059
2480000000,-24.1865032049475
2480000000,-24.1786326399813
2480000000,-24.1895346659662
2480000000,-24.1854668271609
2480000000,-24.191189738695
2480000000,-24.1829517559025
2480000000,-24.1860000663534
2480000000,-24.1975089334634
2480000000,-24.1872921793325
2480000000,-24.2017421439255
2480000000,-24.1936807326994
2480000000,-24.1953329187463
2480000000,-24.204014476431
2480000000,-24.1995654607837
2480000000,-24.2062502524878
2480000000,-24.203584297157
2480000000,-24.2110632616754
2480000000,-24.2011175134607
2480000000,-24.2158137035723
2480000000,-24.2119907180965
2480000000,-24.2185805656911
2480000000,-24.2203431685026
2480000000,-24.2154082251413
2480000000,-24.2208337374775
2480000000,-24.2151011323306
2480000000,-24.2131961625871
2480000000,-24.2167106857073
2480000000,-24.2238747518735
2480000000,-24.216934895134
2480000000,-24.2253458331174
2480000000,-24.2353280641921
2480000000,-24.2367823599328
2480000000,-24.2306697120338
2480000000,-24.240852015905
2480000000,-24.2208341618291
2480000000,-24.2462130036709
2480000000,-24.2443841676531
2480000000,-24.2361260213134
2480000000,-24.2473957997923
2480000000,-24.2411913718889
2480000000,-24.2539059027179
2480000000,-24.241802374174
2480000000,-24.2496178273567
2480000000,-24.2599051453222
2480000000,-24.2545732265485
2480000000,-24.2656157264182
2480000000,-24.2610721915071
2480000000,-24.2646960877918
2480000000,-24.2648046580357
2480000000,-24.257243070066
2480000000,-24.2635219951121
2480000000,-24.2658097213642
2480000000,-24.2674195321257
2480000000,-24.2695303344246
2480000000,-24.2712773530024
2480000000,-24.2724326315295
2480000000,-24.2657337410513
2480000000,-24.2713002281784
2480000000,-24.2876183852482
2480000000,-24.275026383233
2480000000,-24.2816178772973
2480000000,-24.2869264090249
2480000000,-24.2798363699242
2480000000,-24.2907832727043
2480000000,-24.2914838090048
2480000000,-24.2921595688401
2480000000,-24.2889351602647
2480000000,-24.2866832817342
2480000000,-24.2939156711785
2480000000,-24.2958232774509
2480000000,-24.2940375868494
2480000000,-24.3100568797495
2480000000,-24.3111284919347
2480000000,-24.292438304494
2480000000,-24.3062634153296
2480000000,-24.3057316433436
2480000000,-24.3097681068268
2480000000,-24.3136573955822
2480000000,-24.3043581678929
2480000000,-24.3156403016967
2480000000,-24.3294286912283
2480000000,-24.3210585167341
2480000000,-24.3242001361233
2480000000,-24.3292836593231
2480000000,-24.3249237956714
2480000000,-24.3240417539558
2480000000,-24.3270981037841
2480000000,-24.3335746493377
2480000000,-24.3389090449189
2480000000,-24.3285321621522
2480000000,-24.3351032748448
2480000000,-24.34583458737
2480000000,-24.342361871109
2480000000,-24.3455234580042
2480000000,-24.3549932935842
2480000000,-24.3515881960615
2480000000,-24.3450131018456
2480000000,-24.3595941902225
2480000000,-24.3532228509759
2480000000,-24.3554990706732
2480000000,-24.3540036211703
2480000000,-24.3549192031673
2480000000,-24.3725857782339
2480000000,-24.3701817736925
2480000000,-24.3633726678758
2480000000,-24.3520379808636
2480000000,-24.3691277410864
2480000000,-24.3735366713161
2480000000,-24.3730350470252
2480000000,-24.3774648041746
2480000000,-24.3671402083605
2480000000,-24.3697014244949
2480000000,-24.3814775242979
2480000000,-24.3771375738811
2480000000,-24.3787554403252
2480000000,-24.3815487389039
2480000000,-24.3896213893577
2480000000,-24.3815570233429
2480000000,-24.3901444336179
2480000000,-24.3984469857182
2480000000,-24.4042105348493
2480000000,-24.3972513570533
2480000000,-24.4021071078292
2480000000,-24.3976503465897
2480000000,-24.3951489348607
2480000000,-24.399533458091
2480000000,-24.410946340562
2480000000,-24.4119709239675
2480000000,-24.4072594312179
2480000000,-24.4133504303068
2480000000,-24.4117231559872
2480000000,-24.4251488627354
2480000000,-24.4104397957535
2480000000,-24.4142889559767
2480000000,-24.4218219247183
2480000000,-24.4314082993674
2480000000,-24.4215433744708
2480000000,-24.4303751756781
2480000000,-24.431111878339
2480000000,-24.435421225737
2480000000,-24.4397123396869
2480000000,-24.4513173291218
2480000000,-24.4432912672012
2480000000,-24.4374918539733
2480000000,-24.4500859732465
2480000000,-24.4548853282352
2480000000,-24.4586299920319
2480000000,-24.4535350871045
2480000000,-24.4592279537919
2480000000,-24.4423928312205
2480000000,-24.4649923197888
2480000000,-24.4579743176154
2480000000,-24.4709374629243
2480000000,-24.4677638587625
2480000000,-24.4770605199983
2480000000,-24.470607599886
2480000000,-24.4709419192094
2480000000,-24.4687077564204
2480000000,-24.4798455292945
2480000000,-24.4762195964761
2480000000,-24.4805295871011
2480000000,-24.4858855978141
2480000000,-24.4814943289268
2480000000,-24.491922382562
2480000000,-24.485045991918
2480000000,-24.4863502204685
2480000000,-24.4784197390341
2480000000,-24.5007370083269
2480000000,-24.4907706865325
2480000000,-24.4988255086272
2480000000,-24.4983959909024
2480000000,-24.5006494942874
2480000000,-24.5030455994198
2480000000,-24.5090939880202
2480000000,-24.4915647316699
2480000000,-24.4856099658899
2480000000,-24.5001268316541
2480000000,-24.5127876373536
2480000000,-24.513664876928
2480000000,-24.5188553324154
2480000000,-24.5155604245352
2480000000,-24.525758863704
2480000000,-24.5186930208188
2480000000,-24.5378506605746
2480000000,-24.5297333509708
2480000000,-24.5284283107206
2480000000,-24.539091869475
2480000000,-24.5425747634596
2480000000,-24.5364110447633
2480000000,-24.5383448798989
2480000000,-24.5464945401544
2480000000,-24.5495779955726
2480000000,-24.5387685736889
2480000000,-24.549679882202
2480000000,-24.5436741272168
2480000000,-24.5460880154015
2480000000,-24.5576258453671
2480000000,-24.555585530359
2480000000,-24.5662952513827
2480000000,-24.5636875584327
2480000000,-24.5628891858272
2480000000,-24.572112491897
2480000000,-24.5698674011471
2480000000,-24.5705700304298
2480000000,-24.5700613998956
2480000000,-24.5749079183166
2480000000,-24.5763865685743
2480000000,-24.5813623511722
2480000000,-24.5773475828498
2480000000,-24.5906897471582
2480000000,-24.5900477564066
2480000000,-24.5835162270097
2480000000,-24.6014284157705
2480000000,-24.5889119043052
2480000000,-24.591557403118
2480000000,-24.5964806034132
2480000000,-24.6056516622246
2480000000,-24.5928542487238
2480000000,-24.5976419326155
2480000000,-24.6120192145234
2480000000,-24.6108431225518
2480000000,-24.602964852967
2480000000,-24.6108345100366
2480000000,-24.6093082164015
2480000000,-24.6121561917235
2480000000,-24.6080804742153
2480000000,-24.6233143806354
2480000000,-24.6283293766697
2480000000,-24.6191672455845
2480000000,-24.6231248758211
2480000000,-24.6337256664277
2480000000,-24.6323544874554
2480000000,-24.6343616959125
2480000000,-24.6323733439836
2480000000,-24.6345837213987
2480000000,-24.6394890243627
2480000000,-24.6362083175662
2480000000,-24.6415687026566
2480000000,-24.6441951993077
2480000000,-24.6475402262091
2480000000,-24.6380690539242
2480000000,-24.6543689715388
2480000000,-24.6478647484358
2480000000,-24.6454931726636
2480000000,-24.6492578120946
2480000000,-24.6586641052467
2480000000,-24.665853039696
2480000000,-24.7029780018671
2480000000,-24.6652004531373
2480000000,-24.6582694458293
2480000000,-24.6697515358627
2480000000,-24.6769106527849
2480000000,-24.6742677011997
2480000000,-24.6646986302625
2480000000,-24.6736680744096
2480000000,-24.6756750460536
2480000000,-24.6736987242178
2480000000,-24.6777696629492
2480000000,-24.6847835825143
2480000000,-24.6861211963315
2480000000,-24.6855434075005
2480000000,-24.6856101013207
2480000000,-24.6900463173671
2480000000,-24.6896052231473
2480000000,-24.6876667647981
2480000000,-24.6915908512778
2480000000,-24.702327055124
2480000000,-24.6974018905265
2480000000,-24.702819861004
2480000000,-24.6992056104858
2480000000,-24.6972435854288
2480000000,-24.6964600073497
2480000000,-24.6997652493453
2480000000,-24.7166539105094
2480000000,-24.700472038698
2480000000,-24.7051357129405
2480000000,-24.7164212120105
2480000000,-24.7130802953564
2480000000,-24.7184774083782
2480000000,-24.7200105115744
2480000000,-24.7185660451669
2480000000,-24.7190565882246
2480000000,-24.729650712869
2480000000,-24.733884680263
2480000000,-24.71990762207
2480000000,-24.7292146785716
2480000000,-24.7233367822756
2480000000,-24.7237516510489
2480000000,-24.6870281182675
2480000000,-24.7371378533762
2480000000,-24.731059512084
2480000000,-24.7433687067989
2480000000,-24.7269511848569
2480000000,-24.7380517461017
2480000000,-24.7436650504815
2480000000,-24.7480317087401
2480000000,-24.7421506372328
2480000000,-24.7394048770931
2480000000,-24.7481401249725
2480000000,-24.7602150006875
2480000000,-24.7530470443225
2480000000,-24.7546721346853
2480000000,-24.7551911899387
2480000000,-24.7546985888103
2480000000,-24.7589270960887
2480000000,-24.7664516955398
2480000000,-24.7621398581393
2480000000,-24.7647241246209
2480000000,-24.7641643919172
2480000000,-24.7723315674405
2480000000,-24.7720502180492
2480000000,-24.7736308435382
2480000000,-24.7746354081683
2480000000,-24.7715423089165
2480000000,-24.7839010070562
2480000000,-24.78593903203
2480000000,-24.7863481104073
2480000000,-24.7949470932596
2480000000,-24.7800638995334
2480000000,-24.7941255690239
2480000000,-24.7908747593186
2480000000,-24.795308850395
2480000000,-24.8114708667007
2480000000,-24.7982323738113
2480000000,-24.8018044458502
2480000000,-24.8067244422224
2480000000,-24.8114769200217
2480000000,-24.8120390979354
2480000000,-24.8135887477823
2480000000,-24.8142888707789
2480000000,-24.8067605813119
2480000000,-24.8091883998286
2480000000,-24.8186089204342
2480000000,-24.8261824055433
2480000000,-24.8263121787038
2480000000,-24.824988318311
2480000000,-24.8291666521703
2480000000,-24.8261399068617
2480000000,-24.8480332013545
2480000000,-24.8354731587858
2480000000,-24.8363950286612
2480000000,-24.8444541674049
2480000000,-24.8454206989586
2480000000,-24.8479023213101
2480000000,-24.8423890178791
2480000000,-24.8452631066221
2480000000,-24.8561382260264
2480000000,-24.8643546984568
2480000000,-24.8505833397229
2480000000,-24.8639280302649
2480000000,-24.8562904081685
2480000000,-24.878343979253
2480000000,-24.8685427167351
2480000000,-24.8783623855707
2480000000,-24.8777213611999
2480000000,-24.8770737394486
2480000000,-24.8739430891995
2480000000,-24.8782921480631
2480000000,-24.8809258419676
2480000000,-24.8890819593338
2480000000,-24.8835992202557
2480000000,-24.8903929184283
2480000000,-24.8968812337361
2480000000,-24.8963610759213
2480000000,-24.9064982081702
2480000000,-24.8941274691157
2480000000,-24.8988306604432
2480000000,-24.904774234573
2480000000,-24.9011186384047
2480000000,-24.9108804617688
2480000000,-24.9159782257169
2480000000,-24.9117039396228
2480000000,-24.9201868789011
2480000000,-24.9164714493991
2480000000,-24.9264223880631
2480000000,-24.9255177161248
2480000000,-24.9317739756215
2480000000,-24.9302248050438
2480000000,-24.9386791581593
2480000000,-24.9254986778179
2480000000,-24.9355575445427
2480000000,-24.9507469357547
2480000000,-24.935532916359
2480000000,-24.9367224599522
2480000000,-24.9532523571507
2480000000,-24.9406064384009
2480000000,-24.9547382628182
2480000000,-24.949199335379
2480000000,-24.9551738437561
2480000000,-24.9686530793127
2480000000,-24.9588580440273
2480000000,-24.9627239397448
2480000000,-24.9640157057614
2480000000,-24.9648523422675
2480000000,-24.9782154326011
2480000000,-24.969156840623
2480000000,-24.977123469711
2480000000,-24.9808214227912
2480000000,-24.9859445733584
2480000000,-24.9768355853922
2480000000,-24.9872835779283
2480000000,-24.9889077466474
2480000000,-24.9986538364481
2480000000,-24.9916676963828
2480000000,-24.9868799777354
2480000000,-24.9879199849105
2480000000,-24.9973860608988
2480000000,-25.000379762399
2480000000,-24.9986158957491
2480000000,-24.9959063473506
2480000000,-25.006600657904
2480000000,-25.0162357869245
2480000000,-25.0120897774218
2480000000,-25.019887256716
2480000000,-25.0111806547315
2480000000,-25.0196998232907
2480000000,-25.0136239069673
2480000000,-25.0262661962595
2480000000,-25.0336488859599
2480000000,-25.035141168177
2480000000,-25.0270126896657
2480000000,-25.0470910102345
2480000000,-25.0467895539856
2480000000,-25.0513022348439
2480000000,-25.0468805704559
2480000000,-25.0463711517976
2480000000,-25.0413684679307
2480000000,-25.0498820833175
2480000000,-25.055349265493
2480000000,-25.0645703985163
2480000000,-25.0611678120991
2480000000,-25.0627116301866
2480000000,-25.0578217763413
2480000000,-25.0705632304796
2480000000,-25.0669262133743
2480000000,-25.0654626412945
2480000000,-25.0620694887113
2480000000,-25.0841469733819
2480000000,-25.0823859271704
2480000000,-25.0814789571045
2480000000,-25.0870232904331
2480000000,-25.0918893244703
2480000000,-25.090495813402
2480000000,-25.0850237532092
2480000000,-25.0918170708854
2480000000,-25.0922212733822
2480000000,-25.092461253342
2480000000,-25.0903332900509
2480000000,-25.0739260112162
2480000000,-25.0758365360105
2480000000,-25.0795469357037
2480000000,-25.0728981672913
2480000000,-25.0903998778033
2480000000,-25.0767223820548
2480000000,-25.0811444222111
2480000000,-25.0885587890595
2480000000,-25.0932030663096
2480000000,-25.1360627756046
2480000000,-25.0821483971268
2480000000,-25.1317764127233
2480000000,-25.1329982574326
2480000000,-25.1367972544513
2480000000,-25.1391393191161
2480000000,-25.1390773735487
2480000000,-25.1526398221073
2480000000,-25.1471394155694
2480000000,-25.1537827924828
2480000000,-25.1401568381715
2480000000,-25.1516532539609
2480000000,-25.155999779607
2480000000,-25.1623997213729
2480000000,-25.151757169613
2480000000,-25.1621702101418
2480000000,-25.1535346150632
2480000000,-25.1557340027818
2480000000,-25.1611257346701
2480000000,-25.173206317348
2480000000,-25.1609750850717
2480000000,-25.1700423921331
2480000000,-25.1763679064941
2480000000,-25.171013379009
2480000000,-25.1780876406013
2480000000,-25.1771130347536
2480000000,-25.1745179488128
2480000000,-25.1875001523132
2480000000,-25.1894964080762
2480000000,-25.1813149430502
2480000000,-25.1938414281298
2480000000,-25.1904911007947
2480000000,-25.1889785324133
2480000000,-25.1832298595917
2480000000,-25.1914381362512
2480000000,-25.1900032633622
2480000000,-25.1703653841957
2480000000,-25.1797525051383
2480000000,-25.202892420519
2480000000,-25.1915522105339
2480000000,-25.1404066428339
2480000000,-25.2110831341351
2480000000,-25.1609941295678
2480000000,-25.1783007338206
2480000000,-25.1790627620249
2480000000,-25.2150618022249
2480000000,-25.169253549106
2480000000,-25.1762697866329
2480000000,-25.1651833021644
2480000000,-25.1737551576038
2480000000,-25.1779939835711
2480000000,-25.1780986866226
2480000000,-25.1803112525822
2480000000,-25.2161235488119
2480000000,-25.2135585028865
2480000000,-25.1959334541232
2480000000,-25.1818131631889
2480000000,-25.2308404002544
2480000000,-25.22192038518
2480000000,-25.235492153295
2480000000,-25.2293881120413
2480000000,-25.2242870020733
2480000000,-25.2212126321267
2480000000,-25.234398493492
2480000000,-25.2342189570684
2480000000,-25.2471041796292
2480000000,-25.2349914858819
2480000000,-25.2389985832442
2480000000,-25.2426702011006
2480000000,-25.2511996853396
2480000000,-25.2404719049118
2480000000,-25.2547084461655
2480000000,-25.2419359035548
2480000000,-25.2433476413167
2480000000,-25.2474674148402
2480000000,-25.2565621676564
2480000000,-25.2490136099356
2480000000,-25.2572461405797
2480000000,-25.2650062322137
2480000000,-25.2513219568696
2480000000,-25.2473490319936
2480000000,-25.2605923212462
2480000000,-25.2660487922237
2480000000,-25.269296693801
2480000000,-25.2639193503772
2480000000,-25.2620134401655
2480000000,-25.2630223883717
2480000000,-25.2700253705921
2480000000,-25.2652696388262
2480000000,-25.2677659060832
2480000000,-25.2717817377352
2480000000,-25.271591918739
2480000000,-25.2757321232723
2480000000,-25.2852238950069
2480000000,-25.2769474202388
2480000000,-25.2821692158125
2480000000,-25.2707779684252
2480000000,-25.2892512179734
2480000000,-25.2788907204065
2480000000,-25.2872655528868
2480000000,-25.2807001056684
2480000000,-25.2869884583708
2480000000,-25.2849654573373
2480000000,-25.2987959333002
2480000000,-25.2919133235699
2480000000,-25.2899887421339
2480000000,-25.286419292178
2480000000,-25.2901747526799
2480000000,-25.3004688697742
2480000000,-25.3068916946312
2480000000,-25.2875669545361
2480000000,-25.2938316417972
2480000000,-25.303128822877
2480000000,-25.3042264563736
2480000000,-25.2981588467131
2480000000,-25.3062926071106
2480000000,-25.3107284709316
2480000000,-25.310112594007
2480000000,-25.3117454433838
2480000000,-25.326930375986
2480000000,-25.313285929137
2480000000,-25.3214026676673
2480000000,-25.3129645143051
2480000000,-25.3239361309821
2480000000,-25.3120087340708
2480000000,-25.3152007767633
2480000000,-25.3207506690732
2480000000,-25.3286059003295
2480000000,-25.3242687355533
2480000000,-25.3250478896503
2480000000,-25.3157763430993
2480000000,-25.3302238008126
2480000000,-25.3293597414239
2480000000,-25.3347628345403
2480000000,-25.3316055229312
2480000000,-25.3360272798867
2480000000,-25.3317296394295
2480000000,-25.3405101950665
2480000000,-25.3380596707473
2480000000,-25.3374481045082
2480000000,-25.3304449589448
2480000000,-25.341236877006
2480000000,-25.3502003358307
2480000000,-25.3575835450502
2480000000,-25.3489946866468
2480000000,-25.3431757956225
2480000000,-25.3438954682665
2480000000,-25.3486307982422
2480000000,-25.3558913529888
2480000000,-25.352374157726
2480000000,-25.3514818901563
2480000000,-25.3585953085294
2480000000,-25.3621052643195
2480000000,-25.3565270947445
2480000000,-25.3686800924295
2480000000,-25.3573242244894
2480000000,-25.370121430514
2480000000,-25.3589542743186
2480000000,-25.3616804911814
2480000000,-25.3777099209338
2480000000,-25.3754919311926
2480000000,-25.3813204444862
2480000000,-25.3792388186101
2480000000,-25.382186736423
2480000000,-25.3798488161888
2480000000,-25.3861733136732
2480000000,-25.3831533176068
2480000000,-25.3882672155986
2480000000,-25.3895457423188
2480000000,-25.3888111418151
2480000000,-25.3881165779219
2480000000,-25.3941193370233
2480000000,-25.3950568337978
2480000000,-25.3944439030844
2480000000,-25.3967689326806
2480000000,-25.4069411206574
2480000000,-25.4031150817935
2480000000,-25.4105271826312
2480000000,-25.4083261886742
2480000000,-25.4162594590742
2480000000,-25.4157254992385
2480000000,-25.4109202967419
2480000000,-25.4233274074431
2480000000,-25.424361888364
2480000000,-25.4255577407501
2480000000,-25.4357316012725
2480000000,-25.4278393775024
2480000000,-25.4428034052159
2480000000,-25.4373522293539
2480000000,-25.4358943316558
2480000000,-25.4460985693455
2480000000,-25.4439652254001
2480000000,-25.4324282674206
2480000000,-25.4617466324047
2480000000,-25.4504189855466
2480000000,-25.4719666672214
2480000000,-25.4807258056675
2480000000,-25.4667804724502
2480000000,-25.4731697607852
2480000000,-25.4704455231058
2480000000,-25.4707033755387
2480000000,-25.4788319370209
2480000000,-25.486869414532
2480000000,-25.4875813525526
2480000000,-25.4902960375682
2480000000,-25.4875803103206
2480000000,-25.4933748160914
2480000000,-25.489992986651
2480000000,-25.4942294971158
2480000000,-25.5026115851974
2480000000,-25.5156041827872
2480000000,-25.513719154307
2480000000,-25.5159757073652
2480000000,-25.5215445083544
2480000000,-25.5182522151664
2480000000,-25.5152158856012
2480000000,-25.5319510951456
2480000000,-25.5254079895457
2480000000,-25.5329266280802
2480000000,-25.5219307124863
2480000000,-25.5393868725797
2480000000,-25.530805617824
2480000000,-25.5381081787256
2480000000,-25.5470662695765
2480000000,-25.543844255814
2480000000,-25.5606356334139
2480000000,-25.5547409519574
2480000000,-25.5513256661964
2480000000,-25.556594516525
2480000000,-25.5564552531058
2480000000,-25.5578002002084
2480000000,-25.5623629963079
2480000000,-25.5798165318734
2480000000,-25.5697089003285
2480000000,-25.5753417306117
2480000000,-25.5838666981801
2480000000,-25.5926420043485
2480000000,-25.5873005016135
2480000000,-25.5782171052385
2480000000,-25.583487458684
2480000000,-25.5890369338212
2480000000,-25.5844914438607
2480000000,-25.5874848912484
2480000000,-25.5976233876423
2480000000,-25.598446263737
2480000000,-25.605415189951
2480000000,-25.6048886625029
2480000000,-25.6171456372601
2480000000,-25.6115466881944
2480000000,-25.6142914115141
2480000000,-25.6269501751328
2480000000,-25.6272366948842
2480000000,-25.6249373001607
2480000000,-25.630639937553
2480000000,-25.641365142275
2480000000,-25.6237431098362
2480000000,-25.6320111097225
2480000000,-25.6395861509054
2480000000,-25.6364216629185
2480000000,-25.647159306894
2480000000,-25.6484096979776
2480000000,-25.6522123988747
2480000000,-25.6629317946964
2480000000,-25.6546501563608
2480000000,-25.6643240976652
2480000000,-25.6556426911875
2480000000,-25.6727521690357
2480000000,-25.6599221666831
2480000000,-25.6659052658559
2480000000,-25.6679658447557
2480000000,-25.6750647674368
2480000000,-25.6705149001369
2480000000,-25.6855018826143
2480000000,-25.6855055906447
2480000000,-25.6769231542194
2480000000,-25.6740084000143
2480000000,-25.6887313469329
2480000000,-25.6976533975659
2480000000,-25.6932124773516
2480000000,-25.6972993073974
2480000000,-25.6908497946426
2480000000,-25.7009837598737
2480000000,-25.7056262865485
2480000000,-25.7048570878334
2480000000,-25.7092610635137
2480000000,-25.7113958461649
2480000000,-25.7194483876307
2480000000,-25.7225479098819
2480000000,-25.7190146677009
2480000000,-25.7215952876281
2480000000,-25.7208017257535
2480000000,-25.7252693052602
2480000000,-25.7411743933677
2480000000,-25.7329354201362
2480000000,-25.7513806908911
2480000000,-25.7377556771195
2480000000,-25.7566240689563
2480000000,-25.750147454345
2480000000,-25.7428554448295
2480000000,-25.7624954886489
2480000000,-25.7707702116723
2480000000,-25.7550815068391
2480000000,-25.7686791963141
2480000000,-25.7723680620008
2480000000,-25.7732741177136
2480000000,-25.7621633707451
2480000000,-25.7852053167431
2480000000,-25.7589283636955
2480000000,-25.7679769159286
2480000000,-25.7866476867554
2480000000,-25.7788847834352
2480000000,-25.7998625722021
2480000000,-25.8004709840106
2480000000,-25.7850375801085
2480000000,-25.8013523894963
2480000000,-25.8051174190013
2480000000,-25.8083765102035
2480000000,-25.80543544496
2480000000,-25.8144865892422
2480000000,-25.8282035918999
2480000000,-25.8210593856532
2480000000,-25.8272938081993
2480000000,-25.8313372311558
2480000000,-25.8305260515857
2480000000,-25.8218979815487
2480000000,-25.8506677571
2480000000,-25.8405238479169
2480000000,-25.8528964714442
2480000000,-25.854172376573
2480000000,-25.856690198935
2480000000,-25.863177862607
2480000000,-25.8695139917246
2480000000,-25.8610368821332
2480000000,-25.866941525501
2480000000,-25.8779064832591
2480000000,-25.8702515202258
2480000000,-25.8645288623465
2480000000,-25.8840438884196
2480000000,-25.8875480693359
2480000000,-25.8944579577062
2480000000,-25.888784828945
2480000000,-25.892874506465
2480000000,-25.8931139263376
2480000000,-25.8958517206263
2480000000,-25.9086049305904
2480000000,-25.8963591721715
2480000000,-25.9120350907678
2480000000,-25.9267943187006
2480000000,-25.9182864645626
2480000000,-25.918183691702
2480000000,-25.9308242749136
2480000000,-25.933155326608
2480000000,-25.9286462108366
2480000000,-25.9320051252011
2480000000,-25.9378317434201
2480000000,-25.9565958666141
2480000000,-25.9510220911019
2480000000,-25.9605420850371
2480000000,-25.9647839291442
2480000000,-25.9630989474745
2480000000,-25.9564267802131
2480000000,-25.9602109543126
2480000000,-25.9665957310359
2480000000,-25.9474290482871
2480000000,-25.9581587920156
2480000000,-25.9883972230989
2480000000,-25.9602178478465
2480000000,-25.9931650418384
2480000000,-25.9990161287268
2480000000,-26.0093833324092
2480000000,-26.0027069841972
2480000000,-26.0139864058386
2480000000,-26.0229059913147
2480000000,-26.0276712788281
2480000000,-26.0256134846857
2480000000,-26.021065961365
2480000000,-26.0308486580905
2480000000,-26.0343757119145
2480000000,-26.0446946076422
2480000000,-26.0400001239548
2480000000,-26.0459837076199
2480000000,-26.0461435610418
2480000000,-26.0559798583939
2480000000,-26.0568960169502
2480000000,-26.0651791172481
2480000000,-26.0629723050893
2480000000,-26.0727195058157
2480000000,-26.0728476125575
2480000000,-26.0777180406365
2480000000,-26.099937835718
2480000000,-26.0936301498504
2480000000,-26.0980921560189
2480000000,-26.1054531371557
2480000000,-26.0964529769563
2480000000,-26.1100127394364
2480000000,-26.1165148520611
2480000000,-26.1269769953069
2480000000,-26.1195355408743
2480000000,-26.1240371534168
2480000000,-26.1408270327496
2480000000,-26.1469833685078
2480000000,-26.1420062597635
2480000000,-26.1526485327188
2480000000,-26.1533846318631
2480000000,-26.1573326453848
2480000000,-26.1599928326814
2480000000,-26.16950519527
2480000000,-26.1628541895417
2480000000,-26.1717989326
2480000000,-26.1905638875312
2480000000,-26.180662405906
2480000000,-26.178801963941
2480000000,-26.1910785189579
2480000000,-26.1880351260163
2480000000,-26.1925072372189
2480000000,-26.1945407052335
2480000000,-26.2018043961282
2480000000,-26.2040017160426
2480000000,-26.2142967596686
2480000000,-26.2251714828559
2480000000,-26.2195001640946
2480000000,-26.2127340511334
2480000000,-26.2267718592692
2480000000,-26.2313250942641
2480000000,-26.2345505544441
2480000000,-26.2437489038307
2480000000,-26.2299292478169
2480000000,-26.25496818034
2480000000,-26.2597767961996
2480000000,-26.2671322911376
2480000000,-26.2690414783061
2480000000,-26.2673369863094
2480000000,-26.2757002838716
2480000000,-26.2718460407773
2480000000,-26.2793629462436
2480000000,-26.2874968215635
2480000000,-26.2835879690611
2480000000,-26.2775919245379
2480000000,-26.2920540374491
2480000000,-26.3025148030249
2480000000,-26.2919671706408
2480000000,-26.3078077274553
2480000000,-26.3061207351768
2480000000,-26.3069690385359
2480000000,-26.3272544858368
2480000000,-26.3242729273912
2480000000,-26.325207447054
2480000000,-26.3347065605866
2480000000,-26.3377892773019
2480000000,-26.337851851842
2480000000,-26.3393538465812
2480000000,-26.335585324273
2480000000,-26.3423443295421
2480000000,-26.3478006046754
2480000000,-26.3524308771298
2480000000,-26.3550828358381
2480000000,-26.3581458841774
2480000000,-26.3579034916816
2480000000,-26.3678734723827
2480000000,-26.3744155312645
2480000000,-26.3680225758379
2480000000,-26.3802764926162
2480000000,-26.3802055954508
2480000000,-26.3796518013115
2480000000,-26.3888462139415
2480000000,-26.4008916193508
2480000000,-26.3904202673949
2480000000,-26.4135232549192
2480000000,-26.4187051486258
2480000000,-26.4028968117085
2480000000,-26.4155866345215
2480000000,-26.4107242308653
2480000000,-26.4290634282642
2480000000,-26.4343263640516
2480000000,-26.4264605197274
2480000000,-26.4314338883302
2480000000,-26.4369408559807
2480000000,-26.4402301149145
2480000000,-26.4404190087508
2480000000,-26.4414339379319
2480000000,-26.4582682308526
2480000000,-26.4529561957535
2480000000,-26.4468722690419
2480000000,-26.452914169863
2480000000,-26.4727626214456
2480000000,-26.4722308364118
2480000000,-26.4802634135954
2480000000,-26.4768041938651
2480000000,-26.4892344912736
2480000000,-26.4866682472863
2480000000,-26.4942221746129
2480000000,-26.5061781681052
2480000000,-26.4921176879038
2480000000,-26.4928251277367
2480000000,-26.5052367406577
2480000000,-26.5127462762948
2480000000,-26.5262134619835
2480000000,-26.5179955043292
2480000000,-26.5338667646949
2480000000,-26.5358842331701
2480000000,-26.5311788120155
2480000000,-26.538409989997
2480000000,-26.5482774672479
2480000000,-26.5446730212998
2480000000,-26.5470093217032
2480000000,-26.560021535985
2480000000,-26.5630336911456
2480000000,-26.5684938301418
2480000000,-26.5725047912067
2480000000,-26.5694687765875
2480000000,-26.5710846149795
2480000000,-26.5756149806922
2480000000,-26.5943066015527
2480000000,-26.5847763494732
2480000000,-26.5737967029862
2480000000,-26.594383250432
2480000000,-26.6060080435359
2480000000,-26.5996509799215
2480000000,-26.6076980185019
2480000000,-26.6145662592984
2480000000,-26.6256749052169
2480000000,-26.6129512785163
2480000000,-26.62149767489
2480000000,-26.6260608753737
2480000000,-26.6318980634098
2480000000,-26.616440515014
2480000000,-26.6109863014655
2480000000,-26.6378750519716
2480000000,-26.6491379054925
2480000000,-26.646031459425
2480000000,-26.6314351953623
2480000000,-26.6396994613442
2480000000,-26.6517435858357
2480000000,-26.6583410228605
2480000000,-26.6582873084154
2480000000,-26.6573240780005
2480000000,-26.6550058300634
2480000000,-26.6625799188045
2480000000,-26.6703927266079
2480000000,-26.6736085493415
2480000000,-26.6760462848743
2480000000,-26.6718852788193
2480000000,-26.6821452077982
2480000000,-26.6806808895554
2480000000,-26.6880268974229
2480000000,-26.6902365839633
2480000000,-26.684359569035
2480000000,-26.6838563410792
2480000000,-26.7074751082456
2480000000,-26.6922491071924
2480000000,-26.7008744255016
2480000000,-26.6989241979685
2480000000,-26.7088546842625
2480000000,-26.7055629572077
2480000000,-26.7111671702914
2480000000,-26.7130811732139
2480000000,-26.7181502532564
2480000000,-26.7073799388705
2480000000,-26.7261311106662
2480000000,-26.7184505758726
2480000000,-26.7259344486373
2480000000,-26.7094922549756
2480000000,-26.7402638281041
2480000000,-26.7340476767265
2480000000,-26.7416031937007
2480000000,-26.7309738133478
2480000000,-26.7352487700523
2480000000,-26.7415596676978
2480000000,-26.7499351283543
2480000000,-26.7356830042218
2480000000,-26.7458715851615
2480000000,-26.7587144643648
2480000000,-26.739379661717
2480000000,-26.7524724232788
2480000000,-26.7587940063063
2480000000,-26.7671464141558
2480000000,-26.7674572475487
2480000000,-26.7661661363374
2480000000,-26.7546976409831
2480000000,-26.774131248404
2480000000,-26.7570100026011
2480000000,-26.7682498988371
2480000000,-26.770301695258
2480000000,-26.7805293462851
2480000000,-26.7886483617064
2480000000,-26.7800965178927
2480000000,-26.7749087257781
2480000000,-26.7874537359137
2480000000,-26.7803772555701
2480000000,-26.7966515870483
2480000000,-26.7891586586061
2480000000,-26.7961748610586
2480000000,-26.7924340504758
2480000000,-26.7902395908087
2480000000,-26.7886626282137
2480000000,-26.7881428851521
2480000000,-26.8026225140642
2480000000,-26.800015519481
2480000000,-26.8020963507265
2480000000,-26.8151444515716
2480000000,-26.8070584328827
2480000000,-26.8163598847076
2480000000,-26.8076117135427
2480000000,-26.8165128933485
2480000000,-26.8179635345043
2480000000,-26.8256577202359
2480000000,-26.8141010088261
2480000000,-26.8168204977424
2480000000,-26.8173535350482
2480000000,-26.8319590327981
2480000000,-26.8323293903408
2480000000,-26.8277136281405
2480000000,-26.832655170222
2480000000,-26.8373356734727
2480000000,-26.8383143171346
2480000000,-26.8454699449764
2480000000,-26.8395673681525
2480000000,-26.8536543565298
2480000000,-26.8439303300931
2480000000,-26.850147628937
2480000000,-26.8515682993712
2480000000,-26.8669524004185
2480000000,-26.8434626688805
2480000000,-26.8501151885518
2480000000,-26.855863382368
2480000000,-26.853779194066
2480000000,-26.8417536582597
2480000000,-26.851237226572
2480000000,-26.8455788023441
2480000000,-26.8462041346931
2480000000,-26.8667865199506
2480000000,-26.8583784651171
2480000000,-26.8532064775255
2480000000,-26.8598669235147
2480000000,-26.8694986379249
2480000000,-26.862361507069
2480000000,-26.8720477640349
2480000000,-26.8635746187211
2480000000,-26.8701656783596
2480000000,-26.8702746766528
2480000000,-26.8574618990063
2480000000,-26.8904542231112
2480000000,-26.8576644116131
2480000000,-26.8831776194368
2480000000,-26.871143783195
2480000000,-26.8771860333207
2480000000,-26.8716747557317
2480000000,-26.8849094080316
2480000000,-26.8865669878996
2480000000,-26.8752697298652
2480000000,-26.8808093938859
2480000000,-26.8699943269018
2480000000,-26.8750055821905
2480000000,-26.8744429900597
2480000000,-26.8776770479866
2480000000,-26.8885260606839
2480000000,-26.8804422319109
2480000000,-26.8770964179749
2480000000,-26.8798800801088
2480000000,-26.8852272437435
2480000000,-26.8887140500686
2480000000,-26.8852556625521
2480000000,-26.8837461191965
2480000000,-26.8820159035636
2480000000,-26.8794535643147
2480000000,-26.8853218737083
2480000000,-26.8888794532487
2480000000,-26.8791234968123
2480000000,-26.8829612797947
2480000000,-26.8944990412869
2480000000,-26.8926064669286
2480000000,-26.8846911816062
2480000000,-26.8730061139217
2480000000,-26.8774929443727
2480000000,-26.8800383190004
2480000000,-26.887549686129
2480000000,-26.8819546381262
2480000000,-26.8869654517152
2480000000,-26.8943494045437
2480000000,-26.8791444999811
2480000000,-26.8883921748073
2480000000,-26.8908276329908
2480000000,-26.887386562967
2480000000,-26.8443827951157
2480000000,-26.8788837999816
2480000000,-26.8785590768028
2480000000,-26.8627826772551
2480000000,-26.896765327638
2480000000,-26.8928856552302
2480000000,-26.8868871148137
2480000000,-26.8966558212207
2480000000,-26.879141520363
2480000000,-26.897311905912
2480000000,-26.8923556451623
2480000000,-26.8882014862405
2480000000,-26.8772393890429
2480000000,-26.8945296643668
2480000000,-26.8954154483907
2480000000,-26.8945435410634
2480000000,-26.8772672130716
2480000000,-26.8806772898697
2480000000,-26.8870075722024
2480000000,-26.8818779983698
2480000000,-26.8854795507191
2480000000,-26.8827136709951
2480000000,-26.8744640579453
2480000000,-26.8842662443449
2480000000,-26.8822385480709
2480000000,-26.8891775732362
2480000000,-26.8790736975626
2480000000,-26.8986898240966
2480000000,-26.895579073149
2480000000,-26.89201047518
2480000000,-26.8697518009355
2480000000,-26.8950811929457
2480000000,-26.88328588938
2480000000,-26.888084184725
2480000000,-26.8928515373012
2480000000,-26.8899623661405
2480000000,-26.90087411124
2480000000,-26.8994522113309
2480000000,-26.8897097799124
2480000000,-26.8859421837856
2480000000,-26.8997840772222
2480000000,-26.9040535638565
2480000000,-26.8796066800155
2480000000,-26.8762763045727
2480000000,-26.8900236927394
2480000000,-26.8856050187162
2480000000,-26.8806016481087
2480000000,-26.899796382748
2480000000,-26.8889453487417
2480000000,-26.8975947590848
2480000000,-26.9007849509163
2480000000,-26.8903928375232
2480000000,-26.8982214016477
2480000000,-26.8977873925285
2480000000,-26.8968498471765
2480000000,-26.9067757603994
2480000000,-26.9095696571583
2480000000,-26.8913628879496
2480000000,-26.873437067894
2480000000,-26.8939929586111
2480000000,-26.8999075926306
2480000000,-26.8953499870505
2480000000,-26.8975751695159
2480000000,-26.896802686004
2480000000,-26.8947788683666
2480000000,-26.9080554531199
2480000000,-26.8924847943976
2480000000,-26.8907356623178
2480000000,-26.8951418751805
2480000000,-26.8953033416529
2480000000,-26.8920604339348
2480000000,-26.8887315409922
2480000000,-26.9060017522404
2480000000,-26.8937016196672
2480000000,-26.9027710783228
2480000000,-26.898883351981
2480000000,-26.9055175694808
2480000000,-26.902390153698
2480000000,-26.906018280327
2480000000,-26.902393377257
2480000000,-26.8969602918183
2480000000,-26.9196367754166
2480000000,-26.9078980694719
2480000000,-26.9034355267464
2480000000,-26.9085806474868
2480000000,-26.9173178429002
2480000000,-26.8997067354458
2480000000,-26.9062822219863
2480000000,-26.9118478646945
2480000000,-26.9119740698948
2480000000,-26.9115366299732
2480000000,-26.9069903887658
2480000000,-26.9091221402969
2480000000,-26.9211592714118
2480000000,-26.9161915275654
2480000000,-26.9227848644087
2480000000,-26.9182317191595
2480000000,-26.9253604755662
2480000000,-26.9120590430152
2480000000,-26.9203902322707
2480000000,-26.924263460492
2480000000,-26.9139033888444
2480000000,-26.9102662183178
2480000000,-26.9221446505232
2480000000,-26.9299796921118
2480000000,-26.9143999328533
2480000000,-26.9148746603674
2480000000,-26.9187566703934
2480000000,-26.9195481782382
2480000000,-26.92785516304
2480000000,-26.927878420162
2480000000,-26.9194156969439
2480000000,-26.934117288448
2480000000,-26.9240791314432
2480000000,-26.9334261044679
2480000000,-26.9126032342856
2480000000,-26.9262238420762
2480000000,-26.9433255575223
2480000000,-26.9275506885284
2480000000,-26.9284229003287
2480000000,-26.9426569306006
2480000000,-26.9306854520518
2480000000,-26.9116726015478
2480000000,-26.9221862318693
2480000000,-26.9335611077451
2480000000,-26.9331489159149
2480000000,-26.9319602047464
2480000000,-26.9381386806791
2480000000,-26.9360466092224
2480000000,-26.9426451863552
2480000000,-26.935430718198
2480000000,-26.9393592620856
2480000000,-26.9447622492664
2480000000,-26.9374326703063
2480000000,-26.941350683046
2480000000,-26.9527118885313
2480000000,-26.9395605297407
2480000000,-26.93778956103
2480000000,-26.9292789407
2480000000,-26.9432551484472
2480000000,-26.9560226901918
2480000000,-26.954330407642
2480000000,-26.9538663831677
2480000000,-26.942914776439
2480000000,-26.962394328023
2480000000,-26.9712764574223
2480000000,-26.9480976885448
2480000000,-26.95218778433
2480000000,-26.9574919296248
2480000000,-26.9555431972914
2480000000,-26.9771960162059
2480000000,-26.9697678213049
2480000000,-26.9648295842457
2480000000,-26.9625247400506
2480000000,-26.9625974279843
2480000000,-26.9692994075346
2480000000,-26.9826361532834
2480000000,-26.9613903367498
2480000000,-26.9764455679447
2480000000,-26.9751889039434
2480000000,-26.9877771799758
2480000000,-26.9760235602683
2480000000,-26.9726174756616
2480000000,-26.9755252708054
2480000000,-26.9848207458601
2480000000,-26.9820454008833
2480000000,-26.987804185668
2480000000,-26.9772638638303
2480000000,-26.9790532252286
2480000000,-26.9813766238823
2480000000,-26.9798509156482
2480000000,-26.9898659583316
2480000000,-27.0006863781488
2480000000,-26.9966362904769
2480000000,-26.9852989067331
2480000000,-26.9925864369471
2480000000,-26.9961904790711
2480000000,-27.0012498730626
2480000000,-26.9948469677029
2480000000,-27.0154860292381
2480000000,-27.0049569416659
2480000000,-27.0098548046762
2480000000,-27.0071747773765
2480000000,-27.0065298792189
2480000000,-27.00645137407
2480000000,-27.0155978681206
2480000000,-27.0132881810403
2480000000,-27.0139071712034
2480000000,-27.0246065535564
2480000000,-27.0192324366172
2480000000,-27.0083403248824
2480000000,-27.0252477692742
2480000000,-27.0147487452197
2480000000,-27.0268407810862
2480000000,-27.0171863476575
2480000000,-27.0277639939897
2480000000,-27.0198839611126
2480000000,-27.0268523686363
2480000000,-27.0185902039975
2480000000,-27.0291109121035
2480000000,-27.0329421564967
2480000000,-27.0196926535261
2480000000,-27.0237440637206
2480000000,-27.0343998820269
2480000000,-27.0392137986573
2480000000,-27.0291310903049
2480000000,-27.0316877706645
2480000000,-27.0319851356883
2480000000,-27.0310854864124
2480000000,-27.0481430163059
2480000000,-27.0377453499905
2480000000,-27.0504205837572
2480000000,-27.0448905936022
2480000000,-27.0440704072587
2480000000,-27.054425766381
2480000000,-27.0550083460972
2480000000,-27.0506869915764
2480000000,-27.0587474714517
2480000000,-27.068667658984
2480000000,-27.0619992547518
2480000000,-27.0610855170317
2480000000,-27.0737151635981
2480000000,-27.0754910511677
2480000000,-27.0660476398781
2480000000,-27.067221494456
2480000000,-27.0761902169049
2480000000,-27.0881384909999
2480000000,-27.0908165650827
2480000000,-27.090947541441
2480000000,-27.1005696298886
2480000000,-27.0893708045273
2480000000,-27.0857579936647
2480000000,-27.0967117745468
2480000000,-27.0906189809264
2480000000,-27.0966701312424
2480000000,-27.0884577640692
2480000000,-27.1111305896434
2480000000,-27.1068191720089
2480000000,-27.1074414541752
2480000000,-27.1061408230655
2480000000,-27.1019220659062
2480000000,-27.1082797858782
2480000000,-27.105455552724
2480000000,-27.0982047421871
2480000000,-27.1156398416921
2480000000,-27.1185992402257
2480000000,-27.108389208399
2480000000,-27.1211960875864
2480000000,-27.1154190645103
2480000000,-27.1284486554221
2480000000,-27.1235239923346
2480000000,-27.1309912117662
2480000000,-27.1425720191986
2480000000,-27.1315468992438
2480000000,-27.1339816412906
2480000000,-27.1325631078903
2480000000,-27.1350094302863
2480000000,-27.1293525612217
2480000000,-27.1278260364194
2480000000,-27.1414436732641
2480000000,-27.13938477495
2480000000,-27.1296168386764
2480000000,-27.1537836755892
2480000000,-27.1404955172044
2480000000,-27.1452634500082
2480000000,-27.1523574013411
2480000000,-27.1466769364818
2480000000,-27.1647937081691
2480000000,-27.1516111958711
2480000000,-27.1498012036993
2480000000,-27.162536407311
2480000000,-27.158425049136
2480000000,-27.1728853045525
2480000000,-27.1830656983141
2480000000,-27.1766309601239
2480000000,-27.1738772190218
2480000000,-27.1705970252398
2480000000,-27.1744798220724
2480000000,-27.1811352218565
2480000000,-27.1863386444254
2480000000,-27.1874934252936
2480000000,-27.1730093607403
2480000000,-27.1888351093128
2480000000,-27.1980513858982
2480000000,-27.2064941171386
2480000000,-27.1957120985676
2480000000,-27.2052065319767
2480000000,-27.2078265723794
2480000000,-27.2016497066442
2480000000,-27.2030543591286
2480000000,-27.2068631145281
2480000000,-27.2122763136985
2480000000,-27.2040510532081
2480000000,-27.2070264082523
2480000000,-27.207808876607
2480000000,-27.2093163843316
2480000000,-27.2051288870949
2480000000,-27.2160970693139
2480000000,-27.2109854709875
2480000000,-27.2263268664549
2480000000,-27.2307091418794
2480000000,-27.2182109519276
2480000000,-27.2341292566943
2480000000,-27.2292303036074
2480000000,-27.2390297697743
2480000000,-27.2309596574208
2480000000,-27.2450614555736
2480000000,-27.2429634453045
2480000000,-27.2458632534679
2480000000,-27.2563118301522
2480000000,-27.2387252280784
2480000000,-27.2584400762755
2480000000,-27.2515669329287
2480000000,-27.2604120901332
2480000000,-27.2439808374328
2480000000,-27.2708796292167
2480000000,-27.2714056844404
2480000000,-27.2511947667008
2480000000,-27.2719470693016
2480000000,-27.2596748255136
2480000000,-27.2877539623734
2480000000,-27.2766458239108
2480000000,-27.2551061196481
2480000000,-27.2922404868306
2480000000,-27.2862463876925
2480000000,-27.2725957309289
2480000000,-27.2859137953189
2480000000,-27.297197651331
2480000000,-27.2880115864948
2480000000,-27.3036090253281
2480000000,-27.3088228146151
2480000000,-27.2963290533207
2480000000,-27.3074439348099
2480000000,-27.2357946949092
2480000000,-27.3090401389748
2480000000,-27.3123182865673
2480000000,-27.3006046032635
2480000000,-27.3123209331253
2480000000,-27.3211239926433
2480000000,-27.3229304001283
2480000000,-27.3285900019469
2480000000,-27.3332744870629
2480000000,-27.3191420586686
2480000000,-27.3456187839064
2480000000,-27.3116643207136
2480000000,-27.3265068544639
2480000000,-27.3331019216407
2480000000,-27.3370761555836
2480000000,-27.3410596033299
2480000000,-27.3481180972508
2480000000,-27.3488173995245
2480000000,-27.3547628978677
2480000000,-27.3522034569155
2480000000,-27.3551609941541
2480000000,-27.3537385513422
2480000000,-27.3541083207119
2480000000,-27.3589033835858
2480000000,-27.3577708082955
2480000000,-27.3598895679909
2480000000,-27.3616405950457
2480000000,-27.3693349666162
2480000000,-27.3759850959325
2480000000,-27.3690526218945
2480000000,-27.377067227795
2480000000,-27.3718670763087
2480000000,-27.3861494119835
2480000000,-27.3688006655792
2480000000,-27.3889048914214
2480000000,-27.3845054698836
2480000000,-27.3947297968335
2480000000,-27.3864927118482
2480000000,-27.384048014146
2480000000,-27.3915764847227
2480000000,-27.38663854013
2480000000,-27.3929629726165
2480000000,-27.3868774267836
2480000000,-27.397405100204
2480000000,-27.3960687926371
2480000000,-27.4001208657449
2480000000,-27.4090448698249
2480000000,-27.4010720228111
2480000000,-27.4166418244761
2480000000,-27.4067728990152
2480000000,-27.4149223698573
2480000000,-27.4237802745474
2480000000,-27.4189538215608
2480000000,-27.4173925954995
2480000000,-27.4196325040655
2480000000,-27.4306940350158
2480000000,-27.4202819449737
2480000000,-27.4079401905245
2480000000,-27.4295194378906
2480000000,-27.4134554808828
2480000000,-27.4292923450832
2480000000,-27.4386721348683
2480000000,-27.4396785418521
2480000000,-27.4403301199225
2480000000,-27.4340574929204
2480000000,-27.4517346726603
2480000000,-27.4428255707484
2480000000,-27.4652540815717
2480000000,-27.4445219170717
2480000000,-27.4447728903017
2480000000,-27.4486175315341
2480000000,-27.4573371325113
2480000000,-27.456419272835
2480000000,-27.443420459178
2480000000,-27.4590963115179
2480000000,-27.4569363840092
2480000000,-27.4660790818316
2480000000,-27.4689490688683
2480000000,-27.4614435330799
2480000000,-27.4809363452675
2480000000,-27.469070836911
2480000000,-27.48003295185
2480000000,-27.4853760593263
2480000000,-27.4799262918241
2480000000,-27.4697183483911
2480000000,-27.4750980685729
2480000000,-27.4919168456873
2480000000,-27.4964157510097
2480000000,-27.4814319045399
2480000000,-27.4968115482456
2480000000,-27.4895827294359
2480000000,-27.4882971116274
2480000000,-27.4771866567365
2480000000,-27.5155772581579
2480000000,-27.4972405161724
2480000000,-27.50644654669
2480000000,-27.5035594496183
2480000000,-27.4999901649591
2480000000,-27.5194997026505
2480000000,-27.5155851138883
2480000000,-27.5026909681357
2480000000,-27.5231480037201
2480000000,-27.5218419173493
2480000000,-27.5258123922518
2480000000,-27.5298797161372
2480000000,-27.5150375507318
2480000000,-27.5282585360748
2480000000,-27.531132914252
2480000000,-27.5314380976019
2480000000,-27.538702835547
2480000000,-27.5484217891475
2480000000,-27.5445924715581
2480000000,-27.5474737386737
2480000000,-27.5690354013279
2480000000,-27.5497200024509
2480000000,-27.5517832345518
2480000000,-27.5450767172061
2480000000,-27.5585553291359
2480000000,-27.5632348838704
2480000000,-27.5708480283926
2480000000,-27.5666043786383
2480000000,-27.5731249693117
2480000000,-27.5778029848104
2480000000,-27.5757460392779
2480000000,-27.5648658338498
2480000000,-27.5607831533843
2480000000,-27.5827142256564
2480000000,-27.5772972169187
2480000000,-27.5783790862931
2480000000,-27.5992034683316
2480000000,-27.5935424189554
2480000000,-27.5933324335571
2480000000,-27.5784371351685
2480000000,-27.5976218279844
2480000000,-27.6035654439087
2480000000,-27.5955536979577
2480000000,-27.6026448693828
2480000000,-27.5983193324136
2480000000,-27.6015170778723
2480000000,-27.60607059246
2480000000,-27.6143801012444
2480000000,-27.6087926315945
2480000000,-27.6121244965274
2480000000,-27.6145191350412
2480000000,-27.6192972953521
2480000000,-27.6134539893255
2480000000,-27.6293300899643
2480000000,-27.6215783148195
2480000000,-27.6222567509254
2480000000,-27.6283689413512
2480000000,-27.6308654271199
2480000000,-27.6445297578868
2480000000,-27.6472936972026
2480000000,-27.6426171474751
2480000000,-27.6339895616602
2480000000,-27.6449670112176
2480000000,-27.6393005205396
2480000000,-27.6383798748046
2480000000,-27.6442765498683
2480000000,-27.6493484451327
2480000000,-27.6441744092859
2480000000,-27.6656306821298
2480000000,-27.6639256856235
2480000000,-27.6552468570804
2480000000,-27.6701636823375
2480000000,-27.6627227478637
2480000000,-27.6681994021
2480000000,-27.6728011558798
2480000000,-27.6752173686937
2480000000,-27.6620848161496
2480000000,-27.6621742651747
2480000000,-27.6740443824873
2480000000,-27.6687729089384
2480000000,-27.6833915211749
2480000000,-27.6752157448061
2480000000,-27.6819796060039
2480000000,-27.6892679447753
2480000000,-27.6855751706755
2480000000,-27.6971913583505
2480000000,-27.6839062921809
2480000000,-27.6939432117491
2480000000,-27.6939765344499
2480000000,-27.6864982998143
2480000000,-27.6958526357752
2480000000,-27.7050429464473
2480000000,-27.7080026534657
2480000000,-27.7173653038665
2480000000,-27.6954921256735
2480000000,-27.7056739873413
2480000000,-27.7085798431346
2480000000,-27.7121453091988
2480000000,-27.7135157043185
2480000000,-27.7142646682982
2480000000,-27.7215049828109
2480000000,-27.7353561388962
2480000000,-27.7176053717142
2480000000,-27.7125006219991
2480000000,-27.7259284285286
2480000000,-27.7294247160862
2480000000,-27.7246103145103
2480000000,-27.7253807913118
2480000000,-27.7391942838521
2480000000,-27.7273874833682
2480000000,-27.7326841998037
2480000000,-27.7335508717988
2480000000,-27.7338704456628
2480000000,-27.7365938513551
2480000000,-27.737351446762
2480000000,-27.7524711776356
2480000000,-27.738121300683
2480000000,-27.7501860287471
2480000000,-27.75163686408
2480000000,-27.7532803589928
2480000000,-27.7389607319667
2480000000,-27.7423921095635
2480000000,-27.7647548552133
2480000000,-27.7761827321969
2480000000,-27.7684581224392
2480000000,-27.7535373501253
2480000000,-27.760978939463
2480000000,-27.7656114838362
2480000000,-27.7658832046142
2480000000,-27.7641876843929
2480000000,-27.7609382690727
2480000000,-27.7718773983428
2480000000,-27.7649223746992
2480000000,-27.7723279078651
2480000000,-27.7881019880134
2480000000,-27.762184336713
2480000000,-27.7755367460596
2480000000,-27.7594073491083
2480000000,-27.7835294400001
2480000000,-27.7867094657985
2480000000,-27.7754647074257
2480000000,-27.7930906200072
2480000000,-27.791719375152
2480000000,-27.7957182903724
2480000000,-27.7932758216739
2480000000,-27.8018288136449
2480000000,-27.7907823789681
2480000000,-27.7804594020852
2480000000,-27.7872429765832
2480000000,-27.7932465343322
2480000000,-27.8083037988108
2480000000,-27.8178714338621
2480000000,-27.8062144904586
2480000000,-27.8024812165895
2480000000,-27.7999345762649
2480000000,-27.7940240949062
2480000000,-27.8183966994819
2480000000,-27.8129351083116
2480000000,-27.8211131452991
2480000000,-27.8058432372237
2480000000,-27.8205879466057
2480000000,-27.8211718772428
2480000000,-27.8164760607622
2480000000,-27.8287469670237
2480000000,-27.8135697301221
2480000000,-27.8163599039858
2480000000,-27.8150864066373
2480000000,-27.8240754269499
2480000000,-27.8196347864272
2480000000,-27.825491886079
2480000000,-27.8326208646203
2480000000,-27.8260339742483
2480000000,-27.8333650770471
2480000000,-27.8320046283341
2480000000,-27.8391855696033
2480000000,-27.8410497978688
2480000000,-27.8374194995838
2480000000,-27.8303263637048
2480000000,-27.8395797409021
2480000000,-27.8422713134985
2480000000,-27.8401185823567
2480000000,-27.8379974056631
2480000000,-27.8423412613316
2480000000,-27.8467051510259
2480000000,-27.8344337592707
2480000000,-27.8452732899473
2480000000,-27.8397421834028
2480000000,-27.8387800029164
2480000000,-27.8517685281352
2480000000,-27.850891794351
2480000000,-27.8474923368847
2480000000,-27.8544634481368
2480000000,-27.8663366192081
2480000000,-27.8434188872099
2480000000,-27.8481946287401
2480000000,-27.8528844013982
2480000000,-27.8580861544943
2480000000,-27.8560195098261
2480000000,-27.8487135363675
2480000000,-27.8550781616761
2480000000,-27.8524792172693
2480000000,-27.8558572709265
2480000000,-27.8473880953656
2480000000,-27.8470455714637
2480000000,-27.8519155530673
2480000000,-27.8497670681737
2480000000,-27.8528322587504
2480000000,-27.8692166896194
2480000000,-27.8632730131135
2480000000,-27.8560299235352
2480000000,-27.8643709389769
2480000000,-27.8538894130438
2480000000,-27.8602174950779
2480000000,-27.8554892376022
2480000000,-27.8576832695539
2480000000,-27.8611780500906
2480000000,-27.8616485667784
2480000000,-27.8431241626857
2480000000,-27.8256725610458
2480000000,-27.8459249221072
2480000000,-27.8416392467126
2480000000,-27.8660264873221
2480000000,-27.8606364810658
2480000000,-27.8656756677322
2480000000,-27.8608330922177
2480000000,-27.8541653277054
2480000000,-27.8729676700023
2480000000,-27.8643562475674
2480000000,-27.860989940386
2480000000,-27.8601948695161
2480000000,-27.8603986592947
2480000000,-27.8456480721272
2480000000,-27.8703317582994
2480000000,-27.8534598133169
2480000000,-27.8715116214848
2480000000,-27.8516055016497
2480000000,-27.8544239976214
2480000000,-27.8630488394926
2480000000,-27.8745072109205
2480000000,-27.8664838351811
2480000000,-27.8540131581066
2480000000,-27.8550762141811
2480000000,-27.8610422377453
2480000000,-27.8714730085372
2480000000,-27.8809287391482
2480000000,-27.8722577946879
2480000000,-27.8637977426686
2480000000,-27.8678545720756
2480000000,-27.8648326819368
2480000000,-27.8602077052807
2480000000,-27.8673295193677
2480000000,-27.8591375882274
2480000000,-27.8212367967208
2480000000,-27.8089976016955
2480000000,-27.8155416538301
2480000000,-27.8060272266027
2480000000,-27.8147682991792
2480000000,-27.8176128816321
2480000000,-27.81102643529
2480000000,-27.8184555498583
2480000000,-27.8127720918244
2480000000,-27.8180498540828
2480000000,-27.8080134612457
2480000000,-27.8490552129299
2480000000,-27.8154810542368
2480000000,-27.8099705777861
2480000000,-27.8134436998634
2480000000,-27.8082972918494
2480000000,-27.8210022731946
2480000000,-27.8056304509568
2480000000,-27.818762533082
2480000000,-27.8005039472966
2480000000,-27.8099896236787
2480000000,-27.8033560472328
2480000000,-27.8182578951222
2480000000,-27.8546928175515
2480000000,-27.856528734891
2480000000,-27.8591424534903
2480000000,-27.8693369394111
2480000000,-27.8700606870399
2480000000,-27.8694722818415
2480000000,-27.8570892557032
2480000000,-27.8691234267479
2480000000,-27.8651594341893
2480000000,-27.8445918028338
2480000000,-27.8693233545988
2480000000,-27.8559799950456
2480000000,-27.8670542089233
2480000000,-27.865200473767
2480000000,-27.8593104815806
2480000000,-27.8684676804396
2480000000,-27.8672620111919
2480000000,-27.8645570006964
2480000000,-27.8658999015381
2480000000,-27.8588907326965
2480000000,-27.8584111758698
2480000000,-27.8654342117158
2480000000,-27.8616459366218
2480000000,-27.8608185957829
2480000000,-27.8575991864619
2480000000,-27.8794085618168
2480000000,-27.8790436330156
2480000000,-27.8817549268366
2480000000,-27.8715080522068
2480000000,-27.8880349553241
2480000000,-27.8635109409631
2480000000,-27.879008144523
2480000000,-27.879756485198
2480000000,-27.8840381095562
2480000000,-27.876939076707
2480000000,-27.8767492252761
2480000000,-27.8799155934263
2480000000,-27.8802517091514
2480000000,-27.8798151938952
2480000000,-27.8789722398431
2480000000,-27.878493305477
2480000000,-27.8924862931352
2480000000,-27.8738087051211
2480000000,-27.8902584209091
2480000000,-27.872793218029
2480000000,-27.8785827227515
2480000000,-27.8955075791933
2480000000,-27.8717181553721
2480000000,-27.8853341404701
2480000000,-27.8803280615033
2480000000,-27.8835442460805
2480000000,-27.9004188825707
2480000000,-27.8900857259459
2480000000,-27.8883107188155
2480000000,-27.8965765962539
2480000000,-27.8876256153865
2480000000,-27.8953859218735
2480000000,-27.8965308288589
2480000000,-27.9070629391325
2480000000,-27.8851265249723
2480000000,-27.8911766282866
2480000000,-27.9080960649007
2480000000,-27.8890435214611
2480000000,-27.9126028704859
2480000000,-27.9096376957121
2480000000,-27.9054898525016
2480000000,-27.9106225111541
2480000000,-27.9084371286606
2480000000,-27.9016091063043
2480000000,-27.9074483144396
2480000000,-27.8995323969362
2480000000,-27.9016207930914
2480000000,-27.9098888694108
2480000000,-27.9167344709189
2480000000,-27.9147137994927
2480000000,-27.9121966966135
2480000000,-27.90964418246
2480000000,-27.9083864467811
2480000000,-27.9067771862933
2480000000,-27.9205362303962
2480000000,-27.904425312606
2480000000,-27.9030243702582
2480000000,-27.9057792028029
2480000000,-27.9130160403029
2480000000,-27.92703556315
2480000000,-27.9087141310867
2480000000,-27.9190365207179
2480000000,-27.9124712445256
2480000000,-27.9224209796359
2480000000,-27.9175505578125
2480000000,-27.9221357983206
2480000000,-27.9230260980469
2480000000,-27.9226025152526
2480000000,-27.9341171642104
2480000000,-27.9033485107725
2480000000,-27.9040775641965
2480000000,-27.938903626447
2480000000,-27.9148123402196
2480000000,-27.9310229828527
2480000000,-27.9138512998786
2480000000,-27.9363224977162
2480000000,-27.9221132437718
2480000000,-27.9308632164909
2480000000,-27.9267991310982
2480000000,-27.9171355834885
2480000000,-27.9152633611638
2480000000,-27.935545590332
2480000000,-27.9371979207001
2480000000,-27.9359735946393
2480000000,-27.9390061456695
2480000000,-27.9324977389722
2480000000,-27.9254017173335
2480000000,-27.9338927078588
2480000000,-27.9424222250011
2480000000,-27.9465405428762
2480000000,-27.9483337760735
2480000000,-27.9439544964146
2480000000,-27.9558608297113
2480000000,-27.9503012360956
2480000000,-27.9544833202565
2480000000,-27.9358865466215
2480000000,-27.9585021505666
2480000000,-27.9470353414073
2480000000,-27.9557722855444
2480000000,-27.9540478458511
2480000000,-27.959823737225
2480000000,-27.9600336403909
2480000000,-27.9645939668955
2480000000,-27.9705483159114
2480000000,-27.9576164434791
2480000000,-27.9551679055804
2480000000,-27.9598373369201
2480000000,-27.9605944340916
2480000000,-27.9690562440338
2480000000,-27.9754130378974
2480000000,-27.9871224192329
2480000000,-27.9659779274047
2480000000,-27.9704140826541
2480000000,-27.9728922311904
2480000000,-27.9728943347719
2480000000,-27.9635858167054
2480000000,-27.9756259440493
2480000000,-27.9761184948201
2480000000,-27.9730660818105
2480000000,-27.9802384726352
2480000000,-27.9703187896002
2480000000,-27.993635006259
2480000000,-27.9806689687623
2480000000,-27.9739355277237
2480000000,-27.9826389950126
2480000000,-27.9911821705997
2480000000,-27.9901061002391
2480000000,-27.9875868804482
2480000000,-27.966635161821
2480000000,-27.9871786012813
2480000000,-28.0025935746159
2480000000,-27.9949953225642
2480000000,-27.9875279360472
2480000000,-27.9965966399022
2480000000,-27.9933753030583
2480000000,-28.0022512777902
2480000000,-28.0048787210328
2480000000,-27.9929807093592
2480000000,-28.0108019160148
2480000000,-27.9998990544807
2480000000,-28.0013508142825
2480000000,-27.9930720948349
2480000000,-27.9963009031166
2480000000,-27.9869819538272
2480000000,-28.0041538747526
2480000000,-27.9988208533118
2480000000,-28.0209003044781
2480000000,-28.0208430064049
2480000000,-28.0011677002967
2480000000,-28.0300470464859
2480000000,-27.9926209053274
2480000000,-28.0183893173967
2480000000,-28.0105846225211
2480000000,-28.001927955479
2480000000,-28.0138787028867
2480000000,-28.0113406637048
2480000000,-28.0179666148474
2480000000,-28.0124100250541
2480000000,-28.0142698684921
2480000000,-28.0308328724727
2480000000,-28.020587008455
2480000000,-28.013689973829
2480000000,-28.0175975414336
2480000000,-28.02132703102
2480000000,-28.0212046516979
2480000000,-28.038587156875
2480000000,-28.0249340873327
2480000000,-28.0375812557554
2480000000,-28.0267675026228
2480000000,-28.0143772486676
2480000000,-28.0308437286192
2480000000,-28.0356737599013
2480000000,-28.0403332805625
2480000000,-28.038860667105
2480000000,-28.0518433358174
2480000000,-28.0337100662096
2480000000,-28.0625244744918
2480000000,-28.0426218228474
2480000000,-28.0555148624439
2480000000,-28.050180657429
2480000000,-28.0388030736211
2480000000,-28.0488429063426
2480000000,-28.042030033021
2480000000,-28.0512948652463
2480000000,-28.0505202791138
2480000000,-28.0655526105718
2480000000,-28.0541581016539
2480000000,-28.06301000496
2480000000,-28.073457048311
2480000000,-28.0635640678371
2480000000,-28.0598362097314
2480000000,-28.0529266275446
2480000000,-28.0673467448292
2480000000,-28.0593012353703
2480000000,-27.957792115655
2480000000,-28.0693098253202
2480000000,-28.0752894269264
2480000000,-28.0708672742183
2480000000,-28.0680705464889
2480000000,-28.077002569788
2480000000,-28.0713335049279
2480000000,-28.0767698349631
2480000000,-28.0846460135644
2480000000,-28.0752949516922
2480000000,-28.0787324288984
2480000000,-28.0797513772014
2480000000,-28.0740271521829
2480000000,-28.070009980561
2480000000,-28.0794566216278
2480000000,-28.0963396427136
2480000000,-28.0855755222021
2480000000,-28.0954121745637
2480000000,-28.0697780470165
2480000000,-28.0855313439858
2480000000,-28.0852755203811
2480000000,-28.0911857495478
2480000000,-28.0877471154238
2480000000,-28.0951200008894
2480000000,-28.0817949175852
2480000000,-28.101867338423
2480000000,-28.092264159279
2480000000,-28.1059104586689
2480000000,-28.0895640491039
2480000000,-28.0915363898477
2480000000,-28.0940973089841
2480000000,-28.0844906157269
2480000000,-28.0937616963125
2480000000,-28.089878436281
2480000000,-28.096282593221
2480000000,-28.0869972002288
2480000000,-28.0922518345477
2480000000,-28.0949763278234
2480000000,-28.092548124564
2480000000,-28.1087015968378
2480000000,-28.1020400717912
2480000000,-28.1012783250685
2480000000,-28.106602530006
2480000000,-28.1101939771067
2480000000,-28.110743142792
2480000000,-28.07376661383
2480000000,-28.0938586902124
2480000000,-28.0642793263286
2480000000,-28.0964085816879
2480000000,-28.1132266446848
2480000000,-28.113784541323
2480000000,-28.1124721616557
2480000000,-28.1068271312413
2480000000,-28.1208417194068
2480000000,-28.1058202250755
2480000000,-28.1284702127892
2480000000,-28.1173979339346
2480000000,-28.1211483182894
2480000000,-28.1020472688608
2480000000,-28.1005458445619
2480000000,-28.1223176715313
2480000000,-28.1199777013027
2480000000,-28.1453372487852
2480000000,-28.1048926338047
2480000000,-28.1204781114299
2480000000,-28.1340390112468
2480000000,-28.1314817119409
2480000000,-28.1396887904522
2480000000,-28.1202409703024
2480000000,-28.1371722717558
2480000000,-28.1218083188299
2480000000,-28.139420660534
2480000000,-28.1173902557924
2480000000,-28.1340741446382
2480000000,-28.1389185336235
2480000000,-28.1339099706513
2480000000,-28.1213400377513
2480000000,-28.1399455412008
2480000000,-28.14302227761
2480000000,-28.1361348660199
2480000000,-28.1325538596134
2480000000,-28.1441950081698
2480000000,-28.13620079471
2480000000,-28.1345495375357
2480000000,-28.1459682661879
2480000000,-28.1554162167849
2480000000,-28.1488092314431
2480000000,-28.1332021497117
2480000000,-28.1442039287503
2480000000,-28.144168276437
2480000000,-28.153033308169
2480000000,-28.1505611123429
2480000000,-28.1575636295107
2480000000,-28.1454014565388
2480000000,-28.1475263447481
2480000000,-28.1475036599088
2480000000,-28.1419111260071
2480000000,-28.1515885554528
2480000000,-28.1376093743216
2480000000,-28.1589495617639
2480000000,-28.1674496334821
2480000000,-28.1436502496208
2480000000,-28.1567179190643
2480000000,-28.1561854595086
2480000000,-28.1534904626471
2480000000,-28.175349430388
2480000000,-28.1648562868685
2480000000,-28.1532856661673
2480000000,-28.1602027074008
2480000000,-28.1681324543597
2480000000,-28.1652145045411
2480000000,-28.1695207850822
2480000000,-28.1581918159349
2480000000,-28.1648075327609
2480000000,-28.1691871200507
2480000000,-28.1648184980662
2480000000,-28.1640151234541
2480000000,-28.1669187070428
2480000000,-28.1646841542511
2480000000,-28.168628962819
2480000000,-28.1718258229603
2480000000,-28.162037375283
2480000000,-28.1659073688779
2480000000,-28.1647827666229
2480000000,-28.1644949481293
2480000000,-28.1784763306279
2480000000,-28.1590319748022
2480000000,-28.1682759999925
2480000000,-28.1712555382147
2480000000,-28.1877098454784
2480000000,-28.1677170584899
2480000000,-28.1787781034527
2480000000,-28.1744702047955
2480000000,-28.1765889493283
2480000000,-28.1741935517143
2480000000,-28.1765834846668
2480000000,-28.1746454101724
2480000000,-28.1671245602685
2480000000,-28.1916156945956
2480000000,-28.1577658819605
2480000000,-28.1757159919952
2480000000,-28.1775638682701
2480000000,-28.176687664514
2480000000,-28.1694205353397
2480000000,-28.1826410249586
2480000000,-28.1727412619543
2480000000,-28.1795351110653
2480000000,-28.1782765425333
2480000000,-28.19882076858
2480000000,-28.1818495295066
2480000000,-28.1833294400599
2480000000,-28.1783512954187
2480000000,-28.1957071793237
2480000000,-28.1714162123655
2480000000,-28.18336367247
2480000000,-28.177023927107
2480000000,-28.1820156368406
2480000000,-28.1873941151694
2480000000,-28.208949627291
2480000000,-28.1939184615989
2480000000,-28.1925859443046
2480000000,-28.1858301011368
2480000000,-28.1856174072302
2480000000,-28.198856013569
2480000000,-28.2084323003846
2480000000,-28.1956617506165
2480000000,-28.1739578387497
2480000000,-28.20924873812
2480000000,-28.1832045291001
2480000000,-28.1893353288777
2480000000,-28.2073672252595
2480000000,-28.1916440928871
2480000000,-28.196929630153
2480000000,-28.2121229315917
2480000000,-28.1962130725673
2480000000,-28.1925124677114
2480000000,-28.1952833598309
2480000000,-28.2167338361605
2480000000,-28.1902535727906
2480000000,-28.2075516649138
2480000000,-28.2168157765611
2480000000,-28.2045765031423
2480000000,-28.2050716711561
2480000000,-28.1916857848669
2480000000,-28.2290936289401
2480000000,-28.2103979219675
2480000000,-28.1976135385915
2480000000,-28.2102377251689
2480000000,-28.2106157422146
2480000000,-28.2208808805909
2480000000,-28.2164114600602
2480000000,-28.2118751686444
2480000000,-28.2251333681961
2480000000,-28.203625471176
2480000000,-28.217464412762
2480000000,-28.2268935450019
2480000000,-28.2379351004331
2480000000,-28.2316781727041
2480000000,-28.2180696407489
2480000000,-28.2299820421677
2480000000,-28.2371110061997
2480000000,-28.2257844459516
2480000000,-28.2239513584972
2480000000,-28.2263166490019
2480000000,-28.2351385521926
2480000000,-28.2212371267907
2480000000,-28.2127576726391
2480000000,-28.2436372579303
2480000000,-28.2380288315611
2480000000,-28.2325716432459
2480000000,-28.2516645962059
2480000000,-28.2535854151734
2480000000,-28.2475735233228
2480000000,-28.2353793879557
2480000000,-28.2342011123957
2480000000,-28.246242748481
2480000000,-28.2527859760175
2480000000,-28.2627076377907
2480000000,-28.2481592781363
2480000000,-28.2513558690374
2480000000,-28.2467296727315
2480000000,-28.2433172439802
2480000000,-28.2494366243296
2480000000,-28.2716408115463
2480000000,-28.2585333005529
2480000000,-28.2586737553556
2480000000,-28.262700849108
2480000000,-28.2547255509501
2480000000,-28.2624179645196
2480000000,-28.2601509207941
2480000000,-28.2795509610718
2480000000,-28.263379811789
2480000000,-28.2664219268005
2480000000,-28.2665954048133
2480000000,-28.2526678153304
2480000000,-28.2761365591113
2480000000,-28.2636807111453
2480000000,-28.2747724090914
2480000000,-28.2595976983946
2480000000,-28.2690843100739
2480000000,-28.2735553185489
2480000000,-28.2769749727414
2480000000,-28.2830595077001
2480000000,-28.2671873896405
2480000000,-28.266163754551
2480000000,-28.2636873013887
2480000000,-28.273317850309
2480000000,-28.2731131132051
2480000000,-28.2801422419855
2480000000,-28.2796400173122
2480000000,-28.2727647058614
2480000000,-28.2838298738896
2480000000,-28.275186610855
2480000000,-28.2757109842091
2480000000,-28.2782630083489
2480000000,-28.284858390323
2480000000,-28.2838099615562
2480000000,-28.277746983782
2480000000,-28.2947953862386
2480000000,-28.2914636205858
2480000000,-28.2873793645126
2480000000,-28.2804231171722
2480000000,-28.297522798169
2480000000,-28.2865454246939
2480000000,-28.2877418075976
2480000000,-28.2937844587714
2480000000,-28.2866141172124
2480000000,-28.3003769045023
2480000000,-28.3026583104478
2480000000,-28.2961337979603
2480000000,-28.3046577492628
2480000000,-28.2949944440743
2480000000,-28.2842235538641
2480000000,-28.2952692043905
2480000000,-28.2855131859308
2480000000,-28.288108068851
2480000000,-28.3118768814683
2480000000,-28.3103441091535
2480000000,-28.2925886751689
2480000000,-28.3087533014293
2480000000,-28.3016049520805
2480000000,-28.3104411195759
2480000000,-28.2973818678603
2480000000,-28.2895044310811
2480000000,-28.3090736588607
2480000000,-28.2992915931947
2480000000,-28.3032032279406
2480000000,-28.2985708941811
2480000000,-28.310985994771
2480000000,-28.30047138772
2480000000,-28.3012899287856
2480000000,-28.3108351677321
2480000000,-28.3088446778825
2480000000,-28.2958479987165
2480000000,-28.3003285265138
2480000000,-28.3151216463174
2480000000,-28.2866811349133
2480000000,-28.3157520809026
2480000000,-28.3279664490387
2480000000,-28.3210950633968
2480000000,-28.3211674548287
2480000000,-28.3063443755723
2480000000,-28.3159735141269
2480000000,-28.3164141515565
2480000000,-28.3161866368284
2480000000,-28.3097712103076
2480000000,-28.3154907665716
2480000000,-28.3215659501121
2480000000,-28.321854593884
2480000000,-28.3229672084443
2480000000,-28.3259565339934
2480000000,-28.3085056529112
2480000000,-28.3242875646911
2480000000,-28.3149478803784
2480000000,-28.3212429850304
2480000000,-28.3205460703543
2480000000,-28.3253484836468
2480000000,-28.3363026619388
2480000000,-28.3212814091156
2480000000,-28.3290310584394
2480000000,-28.3352298844177
2480000000,-28.3299913344069
2480000000,-28.3376775336293
2480000000,-28.3228875357975
2480000000,-28.31650726224
2480000000,-28.328113833166
2480000000,-28.3300602624829
2480000000,-28.3220392893125
2480000000,-28.3251923218564
2480000000,-28.3250618115055
2480000000,-28.3375641253576
2480000000,-28.3451410323161
2480000000,-28.3378109478467
2480000000,-28.3363845423548
2480000000,-28.3281792420984
2480000000,-28.3417613437336
2480000000,-28.3386993717459
2480000000,-28.3307234830945
2480000000,-28.3426658467956
2480000000,-28.3417460541418
2480000000,-28.3492441497593
2480000000,-28.3058310063328
2480000000,-28.3403697019682
2480000000,-28.3505166819904
2480000000,-28.3350158705055
2480000000,-28.3604608990096
2480000000,-28.346007007065
2480000000,-28.348316236155
2480000000,-28.3330315180002
2480000000,-28.3420838935711
2480000000,-28.3346921385115
2480000000,-28.3436578271036
2480000000,-28.3376355954755
2480000000,-28.3347635588294
2480000000,-28.3555960206185
2480000000,-28.346365410612
2480000000,-28.3382692693873
2480000000,-28.3543059233673
2480000000,-28.3429115043744
2480000000,-28.3438997400415
2480000000,-28.3350221604743
2480000000,-28.3455510193516
2480000000,-28.3525633651179
2480000000,-28.352705935803
2480000000,-28.2992191509092
2480000000,-28.3263196576915
2480000000,-28.3329882103408
2480000000,-28.3308330915096
2480000000,-28.3543287701894
2480000000,-28.3321648165277
2480000000,-28.3554099048677
2480000000,-28.340905482926
2480000000,-28.344255303001
2480000000,-28.3479120930988
2480000000,-28.3592510487317
2480000000,-28.3396118657014
2480000000,-28.33665970567
2480000000,-28.342143334706
2480000000,-28.3506213097819
2480000000,-28.3349582702892
2480000000,-28.3538560991951
2480000000,-28.3409265169492
2480000000,-28.3381469919453
2480000000,-28.3425109103063
2480000000,-28.33499768523
2480000000,-28.3416699804813
2480000000,-28.3386032125496
2480000000,-28.3353347329359
2480000000,-28.3384253590968
2480000000,-28.3452426644591
2480000000,-28.3419999507648
2480000000,-28.3398063303167
2480000000,-28.3404738747547
2480000000,-28.3224520273776
2480000000,-28.3337263126879
2480000000,-28.3380891118077
2480000000,-28.3319955141663
2480000000,-28.3334121067338
2480000000,-28.3528648773009
2480000000,-28.3410318783935
2480000000,-28.3362444059835
2480000000,-28.3530321556488
2480000000,-28.3381473368093
2480000000,-28.3346981517598
2480000000,-28.3277637720083
2480000000,-28.3391111101358
2480000000,-28.3410741722207
2480000000,-28.3419104981923
2480000000,-28.3391098049506
2480000000,-28.3561307695862
2480000000,-28.3164843915254
2480000000,-28.3444843268217
2480000000,-28.3299608592023
2480000000,-28.3299347130425
2480000000,-28.3293550697691
2480000000,-28.3383560413942
2480000000,-28.34203873608
2480000000,-28.3343512828625
2480000000,-28.3336789166525
2480000000,-28.3360581324012
2480000000,-28.3377774651589
2480000000,-28.339374212284
2480000000,-28.3274878783081
2480000000,-28.3366854870228
2480000000,-28.3422474214272
2480000000,-28.3456082293455
2480000000,-28.3311027022913
2480000000,-28.32565871756
2480000000,-28.3435860067643
2480000000,-28.3131887912207
2480000000,-28.3281872687655
2480000000,-28.3247982720602
2480000000,-28.3218305076161
2480000000,-28.333737352731
2480000000,-28.3225129749658
2480000000,-28.3233510980346
2480000000,-28.326248690977
2480000000,-28.3343232575156
2480000000,-28.331703238365
2480000000,-28.3179097754233
2480000000,-28.326678698749
2480000000,-28.3072283792143
2480000000,-28.3469164092548
2480000000,-28.3356335571255
2480000000,-28.3341635057608
2480000000,-28.3300849526188
2480000000,-28.3192318268663
2480000000,-28.3158458628619
2480000000,-28.3406146633386
2480000000,-28.3211835044668
2480000000,-28.3266764319776
2480000000,-28.3221519816788
2480000000,-28.3271728915444
2480000000,-28.3162365585471
2480000000,-28.3156177901833
2480000000,-28.3255667690256
2480000000,-28.3199664971089
2480000000,-28.3186031179759
2480000000,-28.3306304874367
2480000000,-28.3215314342227
2480000000,-28.3232381148994
2480000000,-28.3177319698682
2480000000,-28.3286893291703
2480000000,-28.313198591805
2480000000,-28.3147490256567
2480000000,-28.3024031779576
2480000000,-28.3148743951711
2480000000,-28.3227534141646
2480000000,-28.3268245513423
2480000000,-28.324958237881
2480000000,-28.307330754644
2480000000,-28.3150706101192
2480000000,-28.3257634040211
2480000000,-28.3128804550615
2480000000,-28.3122872926083
2480000000,-28.3147520738507
2480000000,-28.3250194744199
2480000000,-28.3116662784428
2480000000,-28.3134627149987
2480000000,-28.3042959358893
2480000000,-28.3205392878024
2480000000,-28.3062209585591
2480000000,-28.3060281679003
2480000000,-28.306089701708
2480000000,-28.3049315027347
2480000000,-28.304456866843
2480000000,-28.296334022525
2480000000,-28.3158921178172
2480000000,-28.2946356115787
2480000000,-28.3063484346116
2480000000,-28.3039859934106
2480000000,-28.3112324741346
2480000000,-28.3106344955057
2480000000,-28.2833961068041
2480000000,-28.3026075183672
2480000000,-28.3048537121999
2480000000,-28.3065573188614
2480000000,-28.301019449263
2480000000,-28.3137287032917
2480000000,-28.3060997885863
2480000000,-28.3123358842339
2480000000,-28.3061312418396
2480000000,-28.3116358830609
2480000000,-28.305094694736
2480000000,-28.305417540777
2480000000,-28.301882296946
2480000000,-28.3067375303179
2480000000,-28.2995718866917
2480000000,-28.3136108957056
2480000000,-28.3112212574583
2480000000,-28.3048649863609
2480000000,-28.3003753766084
2480000000,-28.3026021990528
2480000000,-28.3092761082896
2480000000,-28.2912221516942
2480000000,-28.3007130341268
2480000000,-28.2950729778225
2480000000,-28.29262169093
2480000000,-28.3005216260211
2480000000,-28.2955841433592
2480000000,-28.3092091986281
2480000000,-28.2996026380612
2480000000,-28.2848301238496
2480000000,-28.3110061123157
2480000000,-28.3014755982091
2480000000,-28.2970513038333
2480000000,-28.3019801466867
2480000000,-28.3009741894707
2480000000,-28.3145567332438
2480000000,-28.2948139027467
2480000000,-28.2876676982563
2480000000,-28.2918242119713
2480000000,-28.2899721762732
2480000000,-28.2934138550329
2480000000,-28.2825897640213
2480000000,-28.2934508679809
2480000000,-28.2990306579564
2480000000,-28.3064265433071
2480000000,-28.2996877863968
2480000000,-28.2880335977723
2480000000,-28.3011152056325
2480000000,-28.2926669085911
2480000000,-28.2960236649311
2480000000,-28.293779206868
2480000000,-28.3025703991673
2480000000,-28.293126266562
2480000000,-28.2772419344178
2480000000,-28.2854102332483
2480000000,-28.2967411386895
2480000000,-28.2978782915758
2480000000,-28.2933690568184
2480000000,-28.3105898714089
2480000000,-28.2965529889771
2480000000,-28.2808858710476
2480000000,-28.2948400305136
2480000000,-28.2745231139251
2480000000,-28.2793811704377
2480000000,-28.299275697239
2480000000,-28.2888138821116
2480000000,-28.281396620184
2480000000,-28.290277673905
2480000000,-28.2953476388472
2480000000,-28.2969402045079
2480000000,-28.3118616221655
2480000000,-28.2890918090697
2480000000,-28.2825185710414
2480000000,-28.3053027742768
2480000000,-28.2838693476827
2480000000,-28.2971066635253
2480000000,-28.2989534342039
2480000000,-28.2816902693981
2480000000,-28.292421206587
2480000000,-28.2865484210646
2480000000,-28.2853812807519
2480000000,-28.2929758162693
2480000000,-28.3019449503207
2480000000,-28.2822733100709
2480000000,-28.2930433759012
2480000000,-28.2899717536531
2480000000,-28.2869741023337
2480000000,-28.2755264021888
2480000000,-28.3012139547072
2480000000,-28.3045491544289
2480000000,-28.2860780640744
2480000000,-28.2992818438247
2480000000,-28.2899248466835
2480000000,-28.2971445228595
2480000000,-28.285473874666
2480000000,-28.2959699971336
2480000000,-28.304130263166
2480000000,-28.3007184725926
2480000000,-28.2950640806956
2480000000,-28.2825518105631
2480000000,-28.2971642247241
2480000000,-28.2979256421286
2480000000,-28.2901779641361
2480000000,-28.3046531802619
2480000000,-28.2913305474876
2480000000,-28.315646797631
2480000000,-28.3085542639894
2480000000,-28.3181417347873
2480000000,-28.3015185772147
2480000000,-28.3038495919733
2480000000,-28.3119885093851
2480000000,-28.2937136049448
2480000000,-28.309272384689
2480000000,-28.307846056345
2480000000,-28.3020760186824
2480000000,-28.3225537634451
2480000000,-28.3038406318332
2480000000,-28.3021209951192
2480000000,-28.3122582118451
2480000000,-28.2894766337515
2480000000,-28.3090760724438
2480000000,-28.3003091887556
2480000000,-28.3134964757672
2480000000,-28.3120454221118
2480000000,-28.314803295553
2480000000,-28.3230490451687
2480000000,-28.3176312758151
2480000000,-28.2989503983923
2480000000,-28.3202426382375
2480000000,-28.319471288352
2480000000,-28.3330206603394
2480000000,-28.3185328119541
2480000000,-28.3164094758437
2480000000,-28.3169985819109
2480000000,-28.3155081639999
2480000000,-28.3310670362574
2480000000,-28.3260138841427
2480000000,-28.3280428146845
2480000000,-28.3105828285248
2480000000,-28.313774834745
2480000000,-28.3325521467124
2480000000,-28.3093165646096
2480000000,-28.3119515844122
2480000000,-28.3203383937112
2480000000,-28.324830979063
2480000000,-28.2921325062198
2480000000,-28.3148972589285
2480000000,-28.3176927952142
2480000000,-28.3259132954942
2480000000,-28.3216837823111
2480000000,-28.3140307786861
2480000000,-28.3205913905564
2480000000,-28.3068431586909
2480000000,-28.3183375329366
2480000000,-28.3348226105837
2480000000,-28.327941571073
2480000000,-28.3162118871584
2480000000,-28.3229443043578
2480000000,-28.3232709883246
2480000000,-28.3336021870828
2480000000,-28.3104934647307
2480000000,-28.3028842083078
2480000000,-28.2936860723479
2480000000,-28.33957252229
2480000000,-28.3215483771463
2480000000,-28.3358225772048
2480000000,-28.3240640761647
2480000000,-28.3160143342054
2480000000,-28.3227442786959
2480000000,-28.3041915543911
2480000000,-28.3273726850556
2480000000,-28.3148293301453
2480000000,-28.3219935453073
2480000000,-28.3229286086732
2480000000,-28.3221912125482
2480000000,-28.3245559748943
2480000000,-28.3095783064579
2480000000,-28.3091912781836
2480000000,-28.3117469144058
2480000000,-28.3115912886505
2480000000,-28.3182914223876
2480000000,-28.3040205375657
2480000000,-28.3140277380852
2480000000,-28.3285563852863
2480000000,-28.3202939271451
2480000000,-28.3137231451067
2480000000,-28.3211718973687
2480000000,-28.3203197373031
2480000000,-28.3244684856162
2480000000,-28.3395317873826
2480000000,-28.318987758007
2480000000,-28.3284448519625
2480000000,-28.3412160689778
2480000000,-28.3185916413251
2480000000,-28.3123976160094
2480000000,-28.3104052378331
2480000000,-28.3267060963893
2480000000,-28.3280196577246
2480000000,-28.3306621831473
2480000000,-28.3302919653493
2480000000,-28.3087876497029
2480000000,-28.3350489609963
2480000000,-28.3247423728616
2480000000,-28.3363658966509
2480000000,-28.3220280363318
2480000000,-28.33704065236
2480000000,-28.3413266586406
2480000000,-28.3216912672514
2480000000,-28.316234887618
2480000000,-28.3417260628498
2480000000,-28.3174362374354
2480000000,-28.3503823409701
2480000000,-28.3273353822275
2480000000,-28.3181857824584
2480000000,-28.3278772181987
2480000000,-28.3388195972792
2480000000,-28.3335744033965
2480000000,-28.3083932737983
2480000000,-28.315121611357
2480000000,-28.3285876424615
2480000000,-28.3426357685366
2480000000,-28.3298982615511
2480000000,-28.3303788049889
2480000000,-28.3338288072261
2480000000,-28.338331753587
2480000000,-28.3305241890222
2480000000,-28.3372686049346
2480000000,-28.3274293719819
2480000000,-28.3465137818509
2480000000,-28.3202658584646
2480000000,-28.3253434528171
2480000000,-28.3248724342793
2480000000,-28.3369055010147
2480000000,-28.3339948693701
2480000000,-28.34296417469
2480000000,-28.3257350423121
2480000000,-28.3363415281232
2480000000,-28.3252635025937
2480000000,-28.3335088257078
2480000000,-28.3458887333953
2480000000,-28.3347801691109
2480000000,-28.3356537274862
2480000000,-28.3457383169855
2480000000,-28.337664541724
2480000000,-28.3289497395683
2480000000,-28.3503760141442
2480000000,-28.3415958380023
2480000000,-28.3380924877213
2480000000,-28.340657098717
2480000000,-28.3429775875615
2480000000,-28.3408921815959
2480000000,-28.3406040787678
2480000000,-28.3434407753341
2480000000,-28.3506405999553
2480000000,-28.3401682545102
2480000000,-28.3617248462067
2480000000,-28.3560892186422
2480000000,-28.3465316227055
2480000000,-28.3368249540614
2480000000,-28.3574623964116
2480000000,-28.342974012728
2480000000,-28.3483164287849
2480000000,-28.336811790691
2480000000,-28.3433483984031
2480000000,-28.3425966284751
2480000000,-28.3382188556029
2480000000,-28.3436743419619
2480000000,-28.3382165592584
2480000000,-28.3568414438363
2480000000,-28.3580523966504
2480000000,-28.3371341118333
2480000000,-28.3591632421496
2480000000,-28.3495796650505
2480000000,-28.3442354912462
2480000000,-28.3517033124369
2480000000,-28.3476087393597
2480000000,-28.3540307648507
2480000000,-28.3698679478593
2480000000,-28.3683278404035
2480000000,-28.3589891413915
2480000000,-28.3614112868179
2480000000,-28.3582589069811
2480000000,-28.3581613009519
2480000000,-28.3571440182666
2480000000,-28.3481132740762
2480000000,-28.3716439461316
2480000000,-28.3460748087141
2480000000,-28.3792819380191
2480000000,-28.3692519226934
2480000000,-28.3622752048954
2480000000,-28.3711454116214
2480000000,-28.3747318293168
2480000000,-28.3616864987478
2480000000,-28.3576397240366
2480000000,-28.362376276677
2480000000,-28.3574063101784
2480000000,-28.3678762230279
2480000000,-28.3645385755165
2480000000,-28.3622410707822
2480000000,-28.3900968953999
2480000000,-28.3645975204176
2480000000,-28.3778277685691
2480000000,-28.3791778148065
2480000000,-28.3654866038745
2480000000,-28.3745105025049
2480000000,-28.3590265628398
2480000000,-28.3831675074846
2480000000,-28.3796852624216
2480000000,-28.3835198462651
2480000000,-28.3666286540857
2480000000,-28.378782972965
2480000000,-28.3586833664482
2480000000,-28.3782963063662
2480000000,-28.375371306568
2480000000,-28.3784289295873
2480000000,-28.3805518446
2480000000,-28.3627508806332
2480000000,-28.3829259596392
2480000000,-28.3816536331189
2480000000,-28.3700689031375
2480000000,-28.3630471586372
2480000000,-28.369674268902
2480000000,-28.3802068201302
2480000000,-28.3752100779338
2480000000,-28.3598345574745
2480000000,-28.3624130064703
2480000000,-28.3564000796964
2480000000,-28.3765375414377
2480000000,-28.3816735855678
2480000000,-28.3639758177964
2480000000,-28.3812328973606
2480000000,-28.3768428726689
2480000000,-28.3651656107049
2480000000,-28.37914817717
2480000000,-28.3800593538904
2480000000,-28.3810848096612
2480000000,-28.3712416182197
2480000000,-28.3653027985348
2480000000,-28.3743905117725
2480000000,-28.3674876466014
2480000000,-28.3718811632113
2480000000,-28.3668163632103
2480000000,-28.3751927801117
2480000000,-28.3595524103083
2480000000,-28.3629724255548
2480000000,-28.3623815676389
2480000000,-28.3618137569936
2480000000,-28.3676217356142
2480000000,-28.3491738491145
2480000000,-28.3612021343015
2480000000,-28.3575972517258
2480000000,-28.3746690628205
2480000000,-28.3637044603958
2480000000,-28.3771218255107
2480000000,-28.3649248058514
2480000000,-28.3669466097468
2480000000,-28.3528240812553
2480000000,-28.3690672387483
2480000000,-28.3610896326768
2480000000,-28.3721958082475
2480000000,-28.3555043626173
2480000000,-28.3678355578565
2480000000,-28.3715889452094
2480000000,-28.3645123454139
2480000000,-28.3649490554327
2480000000,-28.3568213942155
2480000000,-28.3530687537004
2480000000,-28.3521364331768
2480000000,-28.3592921450022
2480000000,-28.35674030066
2480000000,-28.357718930482
2480000000,-28.3631566423972
2480000000,-28.3576827950497
2480000000,-28.3702069591847
2480000000,-28.3667439852792
2480000000,-28.3564294305036
2480000000,-28.3520452491001
2480000000,-28.3626313876586
2480000000,-28.3438162121445
2480000000,-28.3509561965725
2480000000,-28.3498819162922
2480000000,-28.3600214210089
2480000000,-28.3472990852785
2480000000,-28.3500760138863
2480000000,-28.3728271270941
2480000000,-28.340913596012
2480000000,-28.3657659069158
2480000000,-28.3644211986284
2480000000,-28.3643656968458
2480000000,-28.3601485833814
2480000000,-28.3561472210688
2480000000,-28.3593932759495
2480000000,-28.3604208232788
2480000000,-28.3491990272103
2480000000,-28.3519506004203
2480000000,-28.3500757313112
2480000000,-28.3619407815828
2480000000,-28.3661568887076
2480000000,-28.3503584517643
2480000000,-28.3570494674812
2480000000,-28.361387156289
2480000000,-28.3446509731214
2480000000,-28.3589671727539
2480000000,-28.3605465655697
2480000000,-28.3638665637033
2480000000,-28.3694918227376
2480000000,-28.3620731138483
2480000000,-28.357539909845
2480000000,-28.358567060562
2480000000,-28.3675455459148
2480000000,-28.3752291530818
2480000000,-28.3745984811296
2480000000,-28.3529161161646
2480000000,-28.3706326743287
2480000000,-28.3665544658915
2480000000,-28.3577391123762
2480000000,-28.3680411919614
2480000000,-28.381596625675
2480000000,-28.3632412751399
2480000000,-28.3643667805766
2480000000,-28.3707292869584
2480000000,-28.3677645624449
2480000000,-28.3766445035716
2480000000,-28.3742438155113
2480000000,-28.3788799411346
2480000000,-28.3770458681735
2480000000,-28.384156340056
2480000000,-28.3803769347213
2480000000,-28.3738767978727
2480000000,-28.3962644807538
2480000000,-28.3767395202752
2480000000,-28.3700161268576
2480000000,-28.3712182333461
2480000000,-28.3771863475576
2480000000,-28.3650630853034
2480000000,-28.3972654705225
2480000000,-28.3746118333972
2480000000,-28.3849268732376
2480000000,-28.3878552139788
2480000000,-28.3603004532397
2480000000,-28.3765184768736
2480000000,-28.3970507474374
2480000000,-28.3841706021295
2480000000,-28.3731065527797
2480000000,-28.3794795296629
2480000000,-28.3860570126731
2480000000,-28.3865219912453
2480000000,-28.3789382253424
2480000000,-28.3755724044513
2480000000,-28.4029224225435
2480000000,-28.3822155845549
2480000000,-28.393482131627
2480000000,-28.3900673354768
2480000000,-28.3802045867326
2480000000,-28.3920623176908
2480000000,-28.3803390922441
2480000000,-28.3926237227739
2480000000,-28.3840860156648
2480000000,-28.3573894326616
2480000000,-28.3806782335966
2480000000,-28.3889054120445
2480000000,-28.389115778923
2480000000,-28.3853230200457
2480000000,-28.3955655681838
2480000000,-28.3890375050155
2480000000,-28.3977014107563
2480000000,-28.3907977611632
2480000000,-28.4099976871279
2480000000,-28.406481489693
2480000000,-28.4009443197815
2480000000,-28.3902057302156
2480000000,-28.3782565593271
2480000000,-28.3950274262519
2480000000,-28.388871933678
2480000000,-28.395099517648
2480000000,-28.3898069471591
2480000000,-28.3902024768705
2480000000,-28.3949568647599
2480000000,-28.4166166776676
2480000000,-28.3913950660081
2480000000,-28.4005723806957
2480000000,-28.392131331969
2480000000,-28.3917044737347
2480000000,-28.401372679332
2480000000,-28.393363468504
2480000000,-28.388547357444
2480000000,-28.393651866235
2480000000,-28.3975363103014
2480000000,-28.3951749628244
2480000000,-28.393212757569
2480000000,-28.3806303308041
2480000000,-28.386493638362
2480000000,-28.3884637704109
2480000000,-28.390027987788
2480000000,-28.3950923339835
2480000000,-28.3751286306436
2480000000,-28.3810247243212
2480000000,-28.3837088205881
2480000000,-28.3959024454004
2480000000,-28.3902460414688
2480000000,-28.3840766038928
2480000000,-28.399257149337
2480000000,-28.3927696770982
2480000000,-28.3902719055231
2480000000,-28.3788454720102
2480000000,-28.3993937945201
2480000000,-28.3788105788293
2480000000,-28.3760495561883
2480000000,-28.3900438687599
2480000000,-28.39015249594
2480000000,-28.3932261435307
2480000000,-28.3743804823521
2480000000,-28.3792191027153
2480000000,-28.3990548132819
2480000000,-28.3846108140208
2480000000,-28.387233377166
2480000000,-28.3919533887501
2480000000,-28.3816181307059
2480000000,-28.3886301506485
2480000000,-28.3942523187872
2480000000,-28.385238128805
2480000000,-28.385341037079
2480000000,-28.3763584971098
2480000000,-28.3865912534384
2480000000,-28.3878865604402
2480000000,-28.3889955335004
2480000000,-28.3948635534883
2480000000,-28.3911473051348
2480000000,-28.3811057732834
2480000000,-28.3828764545336
2480000000,-28.3704766355717
2480000000,-28.3882097613529
2480000000,-28.3852526845328
2480000000,-28.3746278214044
2480000000,-28.3932109785839
2480000000,-28.383928732273
2480000000,-28.3992420339859
2480000000,-28.3966902737313
2480000000,-28.387751928179
2480000000,-28.3795474778227
2480000000,-28.3887763681511
2480000000,-28.3863228193903
2480000000,-28.3834887782004
2480000000,-28.392577990945
2480000000,-28.3914641014379
2480000000,-28.372416513062
2480000000,-28.3947877010309
2480000000,-28.3724128712864
2480000000,-28.3839628162176
2480000000,-28.3809055834152
2480000000,-28.3664262486954
2480000000,-28.3696509653032
2480000000,-28.3897461119164
2480000000,-28.3685790896283
2480000000,-28.3952145302577
2480000000,-28.3635463411139
2480000000,-28.3621218137777
2480000000,-28.376744274878
2480000000,-28.3707907677789
2480000000,-28.368962341912
2480000000,-28.3703582251904
2480000000,-28.387242621027
2480000000,-28.3606024567525
2480000000,-28.3605589683977
2480000000,-28.3607847812376
2480000000,-28.3564748366784
2480000000,-28.3896373063581
2480000000,-28.3766592896967
2480000000,-28.3687222216451
2480000000,-28.3532438618424
2480000000,-28.3662903869327
2480000000,-28.3750709262309
2480000000,-28.3617316642548
2480000000,-28.3718903522059
2480000000,-28.3556817900488
2480000000,-28.3617223010695
2480000000,-28.3611656252582
2480000000,-28.3488993103793
2480000000,-28.3644644515179
2480000000,-28.3516692046097
2480000000,-28.3499127801473
2480000000,-28.353294582149
2480000000,-28.3543327786985
2480000000,-28.3728115832087
2480000000,-28.3352292969978
2480000000,-28.3539782572689
2480000000,-28.3412356965533
2480000000,-28.3441981898341
2480000000,-28.352522706681
2480000000,-28.3466732038402
2480000000,-28.3468768332537
2480000000,-28.3369919719654
2480000000,-28.3512349302961
2480000000,-28.3466174474558
2480000000,-28.3406408071331
2480000000,-28.3517784577915
2480000000,-28.3438933835591
2480000000,-28.3333222660703
2480000000,-28.3367761400364
2480000000,-28.3328103893955
2480000000,-28.3265877070987
2480000000,-28.3369894004562
2480000000,-28.3320966200315
2480000000,-28.3238767180048
2480000000,-28.3156222273654
2480000000,-28.323546405098
2480000000,-28.3104371036121
2480000000,-28.29798796608
2480000000,-28.3228013778185
2480000000,-28.3141396335681
2480000000,-28.3178400277031
2480000000,-28.3035831474801
2480000000,-28.3164813421992
2480000000,-28.3165091616917
2480000000,-28.318573915779
2480000000,-28.3276087447397
2480000000,-28.2909181960216
2480000000,-28.3051341405786
2480000000,-28.3021386715442
2480000000,-28.3106822728669
2480000000,-28.3101001047248
2480000000,-28.3016491652351
2480000000,-28.3040589309431
2480000000,-28.292317358459
2480000000,-28.3086211433237
2480000000,-28.2843118323305
2480000000,-28.2928133158146
2480000000,-28.3016229760498
2480000000,-28.2865841107675
2480000000,-28.2837713975601
2480000000,-28.2903651456023
2480000000,-28.2853695440284
2480000000,-28.2847629873219
2480000000,-28.2805756117072
2480000000,-28.2947975871642
2480000000,-28.2842207068208
2480000000,-28.2871779561826
2480000000,-28.227105766633
2480000000,-28.2266578230218
2480000000,-28.2257791331178
2480000000,-28.2087582079344
2480000000,-28.2202568513777
2480000000,-28.2199788296551
2480000000,-28.2191528442963
2480000000,-28.229165971705
2480000000,-28.2179059209786
2480000000,-28.2177305859468
2480000000,-28.2150144900769
2480000000,-28.2676452122816
2480000000,-28.2083982846541
2480000000,-28.2190098232063
2480000000,-28.2092455383401
2480000000,-28.2197601053406
2480000000,-28.2084099171421
2480000000,-28.2117763305709
2480000000,-28.189808518546
2480000000,-28.2045021727045
2480000000,-28.1890006649247
2480000000,-28.2111203803715
2480000000,-28.2107196858248
2480000000,-28.2541324387028
2480000000,-28.2467544785941
2480000000,-28.2421894374851
2480000000,-28.252457960846
2480000000,-28.2456242850438
2480000000,-28.2302229945328
2480000000,-28.2420555765943
2480000000,-28.2324352022343
2480000000,-28.2394904884286
2480000000,-28.2236036485568
2480000000,-28.2371703858467
2480000000,-28.2312111852863
2480000000,-28.2333204556637
2480000000,-28.2267240322978
2480000000,-28.2121169416213
2480000000,-28.2241111884504
2480000000,-28.2353989487633
2480000000,-28.235629928139
2480000000,-28.2292496123708
2480000000,-28.2247734161337
2480000000,-28.2363733871285
2480000000,-28.2250682293482
2480000000,-28.2307208790109
2480000000,-28.2258343388299
2480000000,-28.2215995304589
2480000000,-28.1329994986903
2480000000,-28.2252347839623
2480000000,-28.2122423902761
2480000000,-28.2217605007199
2480000000,-28.238815416188
2480000000,-28.2163832213231
2480000000,-28.2298869975761
2480000000,-28.1941232416721
2480000000,-28.2101155201834
2480000000,-28.212069636143
2480000000,-28.214235445185
2480000000,-28.2196363823001
2480000000,-28.204623060859
2480000000,-28.2322952263089
2480000000,-28.2149549602509
2480000000,-28.2142057505923
2480000000,-28.2111182153713
2480000000,-28.2043396381282
2480000000,-28.2115525062469
2480000000,-28.2160662263515
2480000000,-28.2001748202909
2480000000,-28.2069652949063
2480000000,-28.2157109068927
2480000000,-28.2237116894246
2480000000,-28.2050388433983
2480000000,-28.1983163233628
2480000000,-28.2090428892557
2480000000,-28.2075842327133
2480000000,-28.1956939707622
2480000000,-28.2138662419625
2480000000,-28.2036203981742
2480000000,-28.2173431989992
2480000000,-28.203345143578
2480000000,-28.2039219812353
2480000000,-28.1946548389122
2480000000,-28.2066349922519
2480000000,-28.1952125455492
2480000000,-28.1886193672849
2480000000,-28.1975725102929
2480000000,-28.1964606532827
2480000000,-28.2008666339954
2480000000,-28.1988739160298
2480000000,-28.1983442220155
2480000000,-28.1947166007265
2480000000,-28.2001676740811
2480000000,-28.1980281094226
2480000000,-28.2015615820363
2480000000,-28.1903998309166
2480000000,-28.2054629366223
2480000000,-28.183958340945
2480000000,-28.1938598767454
2480000000,-28.2016330139561
2480000000,-28.1894303217758
2480000000,-28.1963311961877
2480000000,-28.199494321701
2480000000,-28.2105569990582
2480000000,-28.1955646425346
2480000000,-28.1932293684181
2480000000,-28.1900620964514
2480000000,-28.2000763706293
2480000000,-28.188748599857
2480000000,-28.1946392012725
2480000000,-28.1951854102163
2480000000,-28.1719979297446
2480000000,-28.1592432835161
2480000000,-28.1971665091662
2480000000,-28.1979336665193
2480000000,-28.1780481692174
2480000000,-28.1982923886993
2480000000,-28.1943877127735
2480000000,-28.1904171348407
2480000000,-28.1758031479369
2480000000,-28.1940047899618
2480000000,-28.1766315077191
2480000000,-28.1747064745619
2480000000,-28.1659784507569
2480000000,-28.1811636064215
2480000000,-28.1843222278704
2480000000,-28.187805700292
2480000000,-28.1887532124446
2480000000,-28.1755450916299
2480000000,-28.203310744736
2480000000,-28.1920608583726
2480000000,-28.1774141470588
2480000000,-28.183953164719
2480000000,-28.1843881885281
2480000000,-28.1907885931233
2480000000,-28.1810088615693
2480000000,-28.1938092340157
2480000000,-28.1808107167347
2480000000,-28.1811463120482
2480000000,-28.1870959711937
2480000000,-28.202199982108
2480000000,-28.2006784690795
2480000000,-28.1862407616096
2480000000,-28.1874874845827
2480000000,-28.1811181812301
2480000000,-28.1831080180603
2480000000,-28.1836949129038
2480000000,-28.1879740385298
2480000000,-28.1902076908655
2480000000,-28.1918812046253
2480000000,-28.1856426466249
2480000000,-28.1881626047348
2480000000,-28.1939108038174
2480000000,-28.1995508489127
2480000000,-28.1871026795549
2480000000,-28.1848441136023
2480000000,-28.1912080651519
2480000000,-28.1852068600449
2480000000,-28.1925467257642
2480000000,-28.1842484150006
2480000000,-28.1860256484782
2480000000,-28.1936425606871
2480000000,-28.2054365597665
2480000000,-28.1903025827459
2480000000,-28.1913465630229
2480000000,-28.2013394084409
2480000000,-28.1942625061755
2480000000,-28.1999989780222
2480000000,-28.2047640939958
2480000000,-28.1768747995883
2480000000,-28.2012779997661
2480000000,-28.1910487023664
2480000000,-28.2023047547344
2480000000,-28.1999899801982
2480000000,-28.1950917360491
2480000000,-28.1924895974999
2480000000,-28.1887314004348
2480000000,-28.1924805335617
2480000000,-28.1922346164346
2480000000,-28.2124507962234
2480000000,-28.2131482434935
2480000000,-28.2117271498095
2480000000,-28.1962325975667
2480000000,-28.2171925179066
2480000000,-28.1929887086877
2480000000,-28.2136650540768
2480000000,-28.2139790042
2480000000,-28.203159340066
2480000000,-28.2074888454141
2480000000,-28.2110268856935
2480000000,-28.2025413170448
2480000000,-28.2108800752528
2480000000,-28.2136687322981
2480000000,-28.2257163515908
2480000000,-28.214048948992
2480000000,-28.2195898996401
2480000000,-28.2220225559793
2480000000,-28.2196710409262
2480000000,-28.2285407520658
2480000000,-28.2142268056817
2480000000,-28.2132510677821
2480000000,-28.2152038880986
2480000000,-28.2064768007776
2480000000,-28.2182647379277
2480000000,-28.2109501147483
2480000000,-28.213310726068
2480000000,-28.2246557745553
2480000000,-28.224343678032
2480000000,-28.203296790467
2480000000,-28.2173513787423
2480000000,-28.2402725407435
2480000000,-28.2293139570234
2480000000,-28.2268013669634
2480000000,-28.2333502663819
2480000000,-28.2340543724394
2480000000,-28.2189189419985
2480000000,-28.2142952405901
2480000000,-28.2138156965065
2480000000,-28.2169804979807
2480000000,-28.2335746801325
2480000000,-28.2116355735767
2480000000,-28.2081825022378
2480000000,-28.211840351734
2480000000,-28.2254970376576
2480000000,-28.2283072437879
2480000000,-28.2371297677646
2480000000,-28.220588764816
2480000000,-28.2275880021464
2480000000,-28.2406656930966
2480000000,-28.2083114358662
2480000000,-28.2360706355571
2480000000,-28.2132362473549
2480000000,-28.2351251118688
2480000000,-28.21668813951
2480000000,-28.2268043907338
2480000000,-28.2439567826333
2480000000,-28.2198119987094
2480000000,-28.2275609147486
2480000000,-28.2249691854591
2480000000,-28.245470980175
2480000000,-28.2341996931807
2480000000,-28.2197430589426
2480000000,-28.220735464827
2480000000,-28.2168179564914
2480000000,-28.217732639958
2480000000,-28.2194243181815
2480000000,-28.2342414766009
2480000000,-28.225168230779
2480000000,-28.2308647227404
2480000000,-28.2141268528992
2480000000,-28.2143664479817
2480000000,-28.2233217375213
2480000000,-28.2254408761895
2480000000,-28.2330849172328
2480000000,-28.2325891567664
2480000000,-28.2409347085945
2480000000,-28.2204577349255
2480000000,-28.2248087974995
2480000000,-28.2361534057332
2480000000,-28.228714963227
2480000000,-28.2349996354677
2480000000,-28.2198845998203
2480000000,-28.2372247745104
2480000000,-28.2415311722593
2480000000,-28.2375222095962
2480000000,-28.2408661374351
2480000000,-28.2368198157847
2480000000,-28.2504496437861
2480000000,-28.2313900236966
2480000000,-28.2442099762
2480000000,-28.2419292096363
2480000000,-28.2322358519463
2480000000,-28.235330295771
2480000000,-28.21725115109
2480000000,-28.2257411834598
2480000000,-28.2375602439995
2480000000,-28.2412737687441
2480000000,-28.2231689567949
2480000000,-28.2272229301987
2480000000,-28.2319642012809
2480000000,-28.2357188850319
2480000000,-28.2406329296178
2480000000,-28.2263536551068
2480000000,-28.2241525183069
2480000000,-28.2319870135003
2480000000,-28.2292276709461
2480000000,-28.2398674971195
2480000000,-28.2236182238015
2480000000,-28.2345245840814
2480000000,-28.2368708141612
2480000000,-28.2413565507075
2480000000,-28.2312800563092
2480000000,-28.2179824473585
2480000000,-28.2454884384356
2480000000,-28.2281190859909
2480000000,-28.2371225893997
2480000000,-28.2318175776703
2480000000,-28.2157223045135
2480000000,-28.2435801806006
2480000000,-28.214173129921
2480000000,-28.2353604052268
2480000000,-28.2211699058113
2480000000,-28.2449995867991
2480000000,-28.2282545295959
2480000000,-28.2341041586652
2480000000,-28.2316674291232
2480000000,-28.2213634759229
2480000000,-28.2191467002162
2480000000,-28.244545278614
2480000000,-28.2239189625628
2480000000,-28.2142851848295
2480000000,-28.2173184806798
2480000000,-28.2358492577269
2480000000,-28.2349487300939
2480000000,-28.2191226357396
2480000000,-28.2336634220273
2480000000,-28.2312645491736
2480000000,-28.2167698904906
2480000000,-28.2320544903559
2480000000,-28.2276572624273
2480000000,-28.2210685240111
2480000000,-28.2210029194173
2480000000,-28.22442288425
2480000000,-28.2205362380979
2480000000,-28.2068323176099
2480000000,-28.2248469385977
2480000000,-28.2098113723938
2480000000,-28.2319581983819
2480000000,-28.2292913962079
2480000000,-28.2343935136455
2480000000,-28.2155839513248
2480000000,-28.207860824849
2480000000,-28.2409929281478
2480000000,-28.2184836533232
2480000000,-28.2254596249861
2480000000,-28.2138354407302
2480000000,-28.2199456466726
2480000000,-28.224522870513
2480000000,-28.2192328036133
2480000000,-28.2167826760416
2480000000,-28.2185179810559
2480000000,-28.2104776219316
2480000000,-28.2104775387815
2480000000,-28.234376534725
2480000000,-28.2046499245957
2480000000,-28.2150271362937
2480000000,-28.2164092893108
2480000000,-28.2220207097774
2480000000,-28.2195779859462
2480000000,-28.2180426956194
2480000000,-28.225242194522
2480000000,-28.2096334047705
2480000000,-28.202570355067
2480000000,-28.238238634442
2480000000,-28.2016363809778
2480000000,-28.2293903166917
2480000000,-28.2141594120936
2480000000,-28.2209390620024
2480000000,-28.2096497846567
2480000000,-28.2202472082068
2480000000,-28.2160363592744
2480000000,-28.2109981667247
2480000000,-28.2211343733768
2480000000,-28.2220889013001
2480000000,-28.2406499904198
2480000000,-28.2065757536464
2480000000,-28.2130716273888
2480000000,-28.2107206718666
2480000000,-28.2247997579388
2480000000,-28.2119224512045
2480000000,-28.2099918959392
2480000000,-28.2019567249434
2480000000,-28.2082245297313
2480000000,-28.1995938164158
2480000000,-28.2010635351029
2480000000,-28.2063098923586
2480000000,-28.2205107140572
2480000000,-28.2132484803084
2480000000,-28.2176795100001
2480000000,-28.2150837586083
2480000000,-28.2124997457923
2480000000,-28.2084463379843
2480000000,-28.208504400213
2480000000,-28.2097868210201
2480000000,-28.2114940266819
2480000000,-28.2229795827455
2480000000,-28.2189953343214
2480000000,-28.199612263379
2480000000,-28.2126524973417
2480000000,-28.2101483105971
2480000000,-28.2156391672057
2480000000,-28.2167525161257
2480000000,-28.2111604853459
2480000000,-28.220875003485
2480000000,-28.2225981304092
2480000000,-28.2085828539392
2480000000,-28.1990876663181
2480000000,-28.2021294520371
2480000000,-28.1985327663422
2480000000,-28.2325960069091
2480000000,-28.1977645345409
2480000000,-28.2050709342532
2480000000,-28.1980495232639
2480000000,-28.2133533681705
2480000000,-28.2086751399216
2480000000,-28.1932694339532
2480000000,-28.2186120007969
2480000000,-28.2043761963807
2480000000,-28.1992210213293
2480000000,-28.202646454808
2480000000,-28.2085267511017
2480000000,-28.1938177608365
2480000000,-28.201673232964
2480000000,-28.1950317004863
2480000000,-28.1963933021078
2480000000,-28.1983434806421
2480000000,-28.1962138404672
2480000000,-28.193513792196
2480000000,-28.1936400830329
2480000000,-28.2032344589984
2480000000,-28.1927288635206
2480000000,-28.2038042048685
2480000000,-28.1943198971381
2480000000,-28.1907860754886
2480000000,-28.2082271045452
2480000000,-28.1872386032188
2480000000,-28.2032056877272
2480000000,-28.1802642602901
2480000000,-28.176390010241
2480000000,-28.1768063377001
2480000000,-28.1769035664104
2480000000,-28.175815261832
2480000000,-28.1862910490056
2480000000,-28.1885271958825
2480000000,-28.1837112819013
2480000000,-28.1738338577941
2480000000,-28.1797300463454
2480000000,-28.1924428973639
2480000000,-28.1878693010934
2480000000,-28.1812510788908
2480000000,-28.1823988991445
2480000000,-28.1722462105425
2480000000,-28.1915565662752
2480000000,-28.1640250333802
2480000000,-28.1671048572331
2480000000,-28.1804162742818
2480000000,-28.1801961926818
2480000000,-28.1806410929864
2480000000,-28.1835015147973
2480000000,-28.1784220888707
2480000000,-28.1868244480162
2480000000,-28.1810307698681
2480000000,-28.1691181979788
2480000000,-28.1771306721817
2480000000,-28.1691992239516
2480000000,-28.1729558610329
2480000000,-28.1703761632202
2480000000,-28.1618664398901
2480000000,-28.1765773206267
2480000000,-28.1830017105824
2480000000,-28.1710466402219
2480000000,-28.1761621333351
2480000000,-28.1708721519302
2480000000,-28.1756188207164
2480000000,-28.1719128359342
2480000000,-28.189635487697
2480000000,-28.1698666025569
2480000000,-28.1678346101683
2480000000,-28.1582860054396
2480000000,-28.1633110498823
2480000000,-28.1627475606424
2480000000,-28.1562960870319
2480000000,-28.1674344438326
2480000000,-28.176567552165
2480000000,-28.1660200398207
2480000000,-28.165566178527
2480000000,-28.1575685288179
2480000000,-28.1832936909091
2480000000,-28.1592882498302
2480000000,-28.187940538871
2480000000,-28.1786058498754
2480000000,-28.1656344430662
2480000000,-28.1748802161659
2480000000,-28.1686767904991
2480000000,-28.1655982249109
2480000000,-28.1725905166761
2480000000,-28.170160233101
2480000000,-28.1759607568108
2480000000,-28.162775994825
2480000000,-28.1814048758076
2480000000,-28.1934972775027
2480000000,-28.1876979986828
2480000000,-28.1842480508633
2480000000,-28.1785240648373
2480000000,-28.1699122901958
2480000000,-28.1785150831058
2480000000,-28.1775249111715
2480000000,-28.1938923557867
2480000000,-28.1876913822656
2480000000,-28.1780875990843
2480000000,-28.1740452318952
2480000000,-28.1806677587683
2480000000,-28.1815664830947
2480000000,-28.182485780681
2480000000,-28.1893722794581
2480000000,-28.1747094771018
2480000000,-28.1812601106769
2480000000,-28.1818389948805
2480000000,-28.1783384786363
2480000000,-28.1829101422595
2480000000,-28.1768539047869
2480000000,-28.1862777163006
2480000000,-28.1655327386612
2480000000,-28.1810302993588
2480000000,-28.1856979462189
2480000000,-28.186096972279
2480000000,-28.1756289171665
2480000000,-28.1828556191422
2480000000,-28.1915896465075
2480000000,-28.1715879779863
2480000000,-28.176196821022
2480000000,-28.1808533655988
2480000000,-28.1863526357707
2480000000,-28.1844403524008
2480000000,-28.1890420642071
2480000000,-28.193390231088
2480000000,-28.1795738299255
2480000000,-28.1941367753207
2480000000,-28.1950624509331
2480000000,-28.1929830712249
2480000000,-28.1979955745358
2480000000,-28.1777436707416
2480000000,-28.1856992435069
2480000000,-28.1839528188061
2480000000,-28.1868669912407
2480000000,-28.1928348580732
2480000000,-28.1988231192932
2480000000,-28.18626440457
2480000000,-28.1888815550814
2480000000,-28.2133673089547
2480000000,-28.1727638450227
2480000000,-28.1939707877475
2480000000,-28.2042941738475
2480000000,-28.1832500267513
2480000000,-28.1848645712631
2480000000,-28.1848227487905
2480000000,-28.1957446107742
2480000000,-28.1859427762155
2480000000,-28.1849152024205
2480000000,-28.1871387665464
2480000000,-28.1950846799525
2480000000,-28.1838396030836
2480000000,-28.1771965852769
2480000000,-28.1815793072126
2480000000,-28.1965685206635
2480000000,-28.1792909926462
2480000000,-28.1838282419869
2480000000,-28.1798648046958
2480000000,-28.1679081249658
2480000000,-28.178315891126
2480000000,-28.1806019656788
2480000000,-28.1655795026509
2480000000,-28.1781752256081
2480000000,-28.158469858776
2480000000,-28.1865200865667
2480000000,-28.1817984561498
2480000000,-28.1729499286291
2480000000,-28.174794500376
2480000000,-28.1773655538937
2480000000,-28.1752254489513
2480000000,-28.1733452716669
2480000000,-28.1630889310851
2480000000,-28.1736097375309
2480000000,-28.1756006485352
2480000000,-28.1609701283511
2480000000,-28.1644307903953
2480000000,-28.1737956481016
2480000000,-28.1768913959588
2480000000,-28.1596582513054
2480000000,-28.1553476272306
2480000000,-28.1758149834371
2480000000,-28.1661530692782
2480000000,-28.1537020361459
2480000000,-28.1731290329635
2480000000,-28.1542982281711
2480000000,-28.1671870188335
2480000000,-28.1527510305532
2480000000,-28.1621247477796
2480000000,-28.181612321123
2480000000,-28.1513078522886
2480000000,-28.1630514889271
2480000000,-28.1602384524429
2480000000,-28.1550532232826
2480000000,-28.1515565133275
2480000000,-28.1617584023666
2480000000,-28.148099069562
2480000000,-28.1537565595805
2480000000,-28.1524772434213
2480000000,-28.1532062684961
2480000000,-28.156588025221
2480000000,-28.1492502573059
2480000000,-28.1445719848027
2480000000,-28.1485115822805
2480000000,-28.1271830272187
2480000000,-28.1362965908297
2480000000,-28.1434955989022
2480000000,-28.1487495627744
2480000000,-28.1441126878187
2480000000,-28.1639884152537
2480000000,-28.131812369953
2480000000,-28.138622790871
2480000000,-28.135764399208
2480000000,-28.1528505699812
2480000000,-28.1281038491407
2480000000,-28.1391504023799
2480000000,-28.1452048726451
2480000000,-28.1489743480926
2480000000,-28.1295569700052
2480000000,-28.1370649843661
2480000000,-28.1359120709171
2480000000,-28.1206227581257
2480000000,-28.1401155569214
2480000000,-28.1323724316246
2480000000,-28.144305169973
2480000000,-28.1234868288456
2480000000,-28.1346992995959
2480000000,-28.1274510330139
2480000000,-28.1285746797627
2480000000,-28.1373042517943
2480000000,-28.1292113500921
2480000000,-28.123073264825
2480000000,-28.1206599040415
2480000000,-28.1225777274799
2480000000,-28.1309125498736
2480000000,-28.1163674041189
2480000000,-28.1145087365988
2480000000,-28.1166601292921
2480000000,-28.1048703661318
2480000000,-28.1181442493811
2480000000,-28.1194399295609
2480000000,-28.1095468778182
2480000000,-28.1107214268996
2480000000,-28.1058563779576
2480000000,-28.1170564653138
2480000000,-28.1047983655418
2480000000,-28.10623281279
2480000000,-28.1175214429274
2480000000,-28.101521752013
2480000000,-28.0941682865334
2480000000,-28.1045773606208
2480000000,-28.1085677997495
2480000000,-28.0919768166233
2480000000,-28.1038953522754
2480000000,-28.1015419435602
2480000000,-28.0987660859505
2480000000,-28.1047147253641
2480000000,-28.1051903659365
2480000000,-28.0965293986672
2480000000,-28.0884727903766
2480000000,-28.0992030285877
2480000000,-28.0841568808599
2480000000,-28.0872731144675
2480000000,-28.102151937105
2480000000,-28.0801652019727
2480000000,-28.0777760746695
2480000000,-28.0939972242195
2480000000,-28.0789882981926
2480000000,-28.0809066207808
2480000000,-28.0662760430504
2480000000,-28.0796890073624
2480000000,-28.0592684153518
2480000000,-28.0661903408367
2480000000,-28.0698104135292
2480000000,-28.0550089370967
2480000000,-28.0510751416603
2480000000,-28.0711726737396
2480000000,-28.0551932075099
2480000000,-28.0601196625148
2480000000,-28.0598856778967
2480000000,-28.0576451552756
2480000000,-28.0627205724979
2480000000,-28.0455023959108
2480000000,-28.0421228645145
2480000000,-28.0617904228621
2480000000,-28.0340132988944
2480000000,-28.0459832571143
2480000000,-28.0517374813493
2480000000,-28.0351208622209
2480000000,-28.0295106718253
2480000000,-28.0318464122893
2480000000,-28.0337293637886
2480000000,-27.9970877103244
2480000000,-28.0343155563814
2480000000,-28.0410144185764
2480000000,-28.0236055658813
2480000000,-28.0342958160443
2480000000,-28.0038460437162
2480000000,-28.0183034950297
2480000000,-28.0217864150571
2480000000,-27.9936430017393
2480000000,-28.0093296051355
2480000000,-28.0093561736676
2480000000,-28.0042712405992
2480000000,-28.0066006871969
2480000000,-28.0101925007334
2480000000,-28.0062011773683
2480000000,-28.0047555947098
2480000000,-27.990626360645
2480000000,-28.0026753477706
2480000000,-27.9992873524176
2480000000,-27.9956327459348
2480000000,-27.9833962207045
2480000000,-27.9861047362587
2480000000,-27.9870457614303
2480000000,-27.974897980281
2480000000,-27.9694965830673
2480000000,-27.9771754585315
2480000000,-27.9758068426181
2480000000,-27.9851730791335
2480000000,-27.9725297631334
2480000000,-27.9806389356711
2480000000,-27.9786065834604
2480000000,-28.0748093334523
2480000000,-27.9631148564081
2480000000,-27.9651642959931
2480000000,-27.9655923308864
2480000000,-27.955196050117
2480000000,-27.9679697117211
2480000000,-27.9644370700419
2480000000,-27.9594603511991
2480000000,-27.960963283835
2480000000,-27.9414675128433
2480000000,-27.9534082357192
2480000000,-27.955858446094
2480000000,-27.931749477052
2480000000,-27.9405181470615
2480000000,-27.9411357278473
2480000000,-27.9551030947816
2480000000,-27.9335438353375
2480000000,-27.9392609545085
2480000000,-27.9285678020498
2480000000,-27.9270781335047
2480000000,-27.9306527804578
2480000000,-27.9235840994754
2480000000,-27.9180971793771
2480000000,-27.9199559802691
2480000000,-27.9262647220973
2480000000,-27.9309630647771
2480000000,-27.9102038628154
2480000000,-27.9144906285731
2480000000,-27.9235441612869
2480000000,-27.9147629532888
2480000000,-27.9002890533039
2480000000,-27.9053396681469
2480000000,-27.9155261114243
2480000000,-27.9129766173411
2480000000,-27.8931710753093
2480000000,-27.9145377263274
2480000000,-27.8996615969707
2480000000,-27.8906656485064
2480000000,-27.9011958344681
2480000000,-27.8969756496702
2480000000,-27.8943237003931
2480000000,-27.8897829537306
2480000000,-27.8874783872984
2480000000,-27.8843532616505
2480000000,-27.8929757028732
2480000000,-27.8649418067008
2480000000,-27.8638837859826
2480000000,-27.8815458954247
2480000000,-27.8726674441449
2480000000,-27.8894953071169
2480000000,-27.8790776989255
2480000000,-27.8661827267636
2480000000,-27.8688303549898
2480000000,-27.8766620207341
2480000000,-27.8746738388341
2480000000,-27.8604387444589
2480000000,-27.870585090362
2480000000,-27.8787903374987
2480000000,-27.8581988183038
2480000000,-27.8571673380027
2480000000,-27.8465422710964
2480000000,-27.8646854338499
2480000000,-27.8519187020213
2480000000,-27.8467433894709
2480000000,-27.8548469552275
2480000000,-27.851620534198
2480000000,-27.8479157570547
2480000000,-27.8385917905415
2480000000,-27.8198393246539
2480000000,-27.8313528395925
2480000000,-27.8366016300989
2480000000,-27.8326592945883
2480000000,-27.8418409106276
2480000000,-27.8325680939937
2480000000,-27.8344058173824
2480000000,-27.8187341372746
2480000000,-27.8095768808409
2480000000,-27.8141896090683
2480000000,-27.8142501111546
2480000000,-27.8164818914542
2480000000,-27.8296190438298
2480000000,-27.818281971513
2480000000,-27.7988742921795
2480000000,-27.8246955209498
2480000000,-27.8090592638526
2480000000,-27.8106824132167
2480000000,-27.8011166467425
2480000000,-27.8004278386516
2480000000,-27.7883460771113
2480000000,-27.7979387017952
2480000000,-27.8033040686048
2480000000,-27.7883249431173
2480000000,-27.7929523536703
2480000000,-27.7875501160359
2480000000,-27.7912722754168
2480000000,-27.7831090240192
2480000000,-27.7932130599754
2480000000,-27.7884401734166
2480000000,-27.7716731368689
2480000000,-27.7758002666613
2480000000,-27.7792616734639
2480000000,-27.7777000547935
2480000000,-27.7736068049218
2480000000,-27.7713049215097
2480000000,-27.7714901786571
2480000000,-27.7663884571041
2480000000,-27.7747190688004
2480000000,-27.7755512882876
2480000000,-27.7576067049182
2480000000,-27.7518403380629
2480000000,-27.7543995095921
2480000000,-27.7827611326866
2480000000,-27.7691497730075
2480000000,-27.7486756343812
2480000000,-27.7535258910333
2480000000,-27.7482669724663
2480000000,-27.7552406818043
2480000000,-27.7363448839648
2480000000,-27.7616710112714
2480000000,-27.724588978888
2480000000,-27.7431261932256
2480000000,-27.7315167124374
2480000000,-27.7361085034273
2480000000,-27.7335203033339
2480000000,-27.7305799075668
2480000000,-27.7373772982718
2480000000,-27.7360468999307
2480000000,-27.7294178576771
2480000000,-27.7267699564962
2480000000,-27.724398083509
2480000000,-27.729551229343
2480000000,-27.7207619023216
2480000000,-27.7073761258466
2480000000,-27.7267516719271
2480000000,-27.7269538804266
2480000000,-27.7138543491555
2480000000,-27.7210411079369
2480000000,-27.7210610988739
2480000000,-27.7104160301975
2480000000,-27.711340842585
2480000000,-27.7262487204368
2480000000,-27.7138692052662
2480000000,-27.7117058402003
2480000000,-27.7081254229612
2480000000,-27.6997076667355
2480000000,-27.7003881563996
2480000000,-27.7283634775559
2480000000,-27.6993552650767
2480000000,-27.6929876232822
2480000000,-27.7025642695061
2480000000,-27.7049485182455
2480000000,-27.7080667946922
2480000000,-27.7110571775567
2480000000,-27.7095753840628
2480000000,-27.7153919979587
2480000000,-27.7047954767201
2480000000,-27.7066826228507
2480000000,-27.69789168575
2480000000,-27.6723493235841
2480000000,-27.6912081515869
2480000000,-27.6860684176849
2480000000,-27.6953208616998
2480000000,-27.7020648339945
2480000000,-27.6887499924707
2480000000,-27.6872314190612
2480000000,-27.6840728371285
2480000000,-27.6889440605051
2480000000,-27.6806383349179
2480000000,-27.6816189296255
2480000000,-27.684375031642
2480000000,-27.6865434798145
2480000000,-27.6691743525892
2480000000,-27.6749429881048
2480000000,-27.664115791343
2480000000,-27.658424118876
2480000000,-27.6707259213115
2480000000,-27.6733922323559
2480000000,-27.6624215523382
2480000000,-27.6758528253801
2480000000,-27.6586173986188
2480000000,-27.6526718590929
2480000000,-27.6567676546797
2480000000,-27.6570549670714
2480000000,-27.6579668352763
2480000000,-27.6592332432203
2480000000,-27.6511594404115
2480000000,-27.6730744580191
2480000000,-27.662140562093
2480000000,-27.6568746384336
2480000000,-27.6494944715374
2480000000,-27.6572883787082
2480000000,-27.6477009662629
2480000000,-27.6386470702652
2480000000,-27.6457624267525
2480000000,-27.6367707009782
2480000000,-27.6344028344464
2480000000,-27.6450567971068
2480000000,-27.6525198039562
2480000000,-27.6346006276391
2480000000,-27.6298078820263
2480000000,-27.63454501137
2480000000,-27.6354849393061
2480000000,-27.6298432919758
2480000000,-27.630240851162
2480000000,-27.6306029326827
2480000000,-27.6297105581376
2480000000,-27.6225440356851
2480000000,-27.6246294206514
2480000000,-27.6112843444013
2480000000,-27.6202477325092
2480000000,-27.6193096427249
2480000000,-27.6096342409128
2480000000,-27.4951394700191
2480000000,-27.5875314786912
2480000000,-27.5938728772697
2480000000,-27.6078255676588
2480000000,-27.6041241760443
2480000000,-27.590379288121
2480000000,-27.5848514742144
2480000000,-27.5907949593787
2480000000,-27.5789625853473
2480000000,-27.5856708533267
2480000000,-27.5812275158626
2480000000,-27.5862966924182
2480000000,-27.5686249218872
2480000000,-27.5743625161747
2480000000,-27.5712303047557
2480000000,-27.5626456574899
2480000000,-27.5814968068243
2480000000,-27.5656370478635
2480000000,-27.5536241467977
2480000000,-27.5641128454658
2480000000,-27.5559684177196
2480000000,-27.5570669831922
2480000000,-27.5517542148566
2480000000,-27.5520373130803
2480000000,-27.5553841083264
2480000000,-27.5454888818213
2480000000,-27.5438023504262
2480000000,-27.5378491242805
2480000000,-27.5355677599836
2480000000,-27.5344960892229
2480000000,-27.5347243582883
2480000000,-27.5330057055032
2480000000,-27.5292086542744
2480000000,-27.5467095224802
2480000000,-27.5151194380612
2480000000,-27.5305512626436
2480000000,-27.5306831347654
2480000000,-27.5209392637368
2480000000,-27.5154865698359
2480000000,-27.5228403378456
2480000000,-27.51427377184
2480000000,-27.5034838104203
2480000000,-27.5122831052136
2480000000,-27.5205209466393
2480000000,-27.5022764000116
2480000000,-27.5021123333418
2480000000,-27.4974444426778
2480000000,-27.5089743875406
2480000000,-27.5040462872289
2480000000,-27.4987237007163
2480000000,-27.4895256668263
2480000000,-27.4681053166516
2480000000,-27.5079224904858
2480000000,-27.4840341346225
2480000000,-27.4719030500714
2480000000,-27.4776619748473
2480000000,-27.4864193310234
2480000000,-27.4857119528235
2480000000,-27.47811779643
2480000000,-27.4582914666388
2480000000,-27.4563755735478
2480000000,-27.4527532598734
2480000000,-27.4467273604178
2480000000,-27.4572299919451
2480000000,-27.4444485662166
2480000000,-27.4455464668434
2480000000,-27.4348832127994
2480000000,-27.4342124792274
2480000000,-27.43453836373
2480000000,-27.4432992497519
2480000000,-27.4185432241768
2480000000,-27.4211664648888
2480000000,-27.4388995356327
2480000000,-27.4207385291014
2480000000,-27.4364936490835
2480000000,-27.4128574101144
2480000000,-27.415810258569
2480000000,-27.4064868107488
2480000000,-27.4087875572371
2480000000,-27.4033674202856
2480000000,-27.4135426767344
2480000000,-27.3922433255051
2480000000,-27.3988224794463
2480000000,-27.4035924655794
2480000000,-27.3939968145417
2480000000,-27.392803178891
2480000000,-27.391838687055
2480000000,-27.3901827918803
2480000000,-27.3864140652866
2480000000,-27.3850913020046
2480000000,-27.3758119133829
2480000000,-27.3711578363704
2480000000,-27.3838364293492
2480000000,-27.3713392358507
2480000000,-27.37759300017
2480000000,-27.3686261566123
2480000000,-27.3675902531163
2480000000,-27.3721929392445
2480000000,-27.3537474129163
2480000000,-27.3569526801742
2480000000,-27.3407673363456
2480000000,-27.3440173599203
2480000000,-27.3477637318353
2480000000,-27.3496789889888
2480000000,-27.3454808855703
2480000000,-27.3431520247944
2480000000,-27.3408322058958
2480000000,-27.3335818612197
2480000000,-27.3383197672646
2480000000,-27.3415923007802
2480000000,-27.3121704733026
2480000000,-27.318169694708
2480000000,-27.3177262966678
2480000000,-27.3280845111348
2480000000,-27.3219191683995
2480000000,-27.3120910501679
2480000000,-27.3089325602885
2480000000,-27.3130474844619
2480000000,-27.3040930642875
2480000000,-27.2974901126261
2480000000,-27.3093822211846
2480000000,-27.2929238978509
2480000000,-27.2964412103943
2480000000,-27.2997982752575
2480000000,-27.2923023377667
2480000000,-27.2920902613001
2480000000,-27.294014224079
2480000000,-27.2832728511649
2480000000,-27.266959906074
2480000000,-27.2833208552528
2480000000,-27.2957850211699
2480000000,-27.2734350919805
2480000000,-27.2757062857277
2480000000,-27.2758284627489
2480000000,-27.2748202809473
2480000000,-27.2688157093744
2480000000,-27.2601572801342
2480000000,-27.2574802352717
2480000000,-27.2626790536089
2480000000,-27.2553771780981
2480000000,-27.2642644306276
2480000000,-27.2630676235282
2480000000,-27.2441089608857
2480000000,-27.245863785045
2480000000,-27.2271683178909
2480000000,-27.2480026700037
2480000000,-27.2559466365561
2480000000,-27.2414999922353
2480000000,-27.2275981327094
2480000000,-27.241109529707
2480000000,-27.2351575008192
2480000000,-27.2317022413693
2480000000,-27.2311839068512
2480000000,-27.2388317238485
2480000000,-27.2438944519206
2480000000,-27.2249548076506
2480000000,-27.2282621188837
2480000000,-27.2092364003001
2480000000,-27.222440516355
2480000000,-27.2172033367415
2480000000,-27.2147509994286
2480000000,-27.2225241221194
2480000000,-27.2109121796208
2480000000,-27.1885474236838
2480000000,-27.212972950567
2480000000,-27.2002690208317
2480000000,-27.202287950471
2480000000,-27.1998320079864
2480000000,-27.2019956638454
2480000000,-27.1953119655748
2480000000,-27.1960887033113
2480000000,-27.1913592086809
2480000000,-27.1781539598061
2480000000,-27.1695659705859
2480000000,-27.1791541948564
2480000000,-27.1733381885398
2480000000,-27.1840002903897
2480000000,-27.1736268974115
2480000000,-27.1695800032318
2480000000,-27.1664247279398
2480000000,-27.1687155889781
2480000000,-27.1631489151657
2480000000,-27.1585626747019
2480000000,-27.1537129945952
2480000000,-27.1485361104826
2480000000,-27.1511201494003
2480000000,-27.1413939989754
2480000000,-27.1395754690994
2480000000,-27.1405172861051
2480000000,-27.1352611051611
2480000000,-27.1318965038659
2480000000,-27.1286386094457
2480000000,-27.1128188167329
2480000000,-27.130987430519
2480000000,-27.1221784279224
2480000000,-27.1110407843539
2480000000,-27.1160519989571
2480000000,-27.1210147866696
2480000000,-27.1108059274061
2480000000,-27.1015156982144
2480000000,-27.1076374990905
2480000000,-27.1046317823365
2480000000,-27.0944928797005
2480000000,-27.0899737520753
2480000000,-27.0807269300819
2480000000,-27.0889016376327
2480000000,-27.0983820477139
2480000000,-27.0784685701486
2480000000,-27.076214567257
2480000000,-27.0804312317117
2480000000,-27.0795524053341
2480000000,-27.0700828228002
2480000000,-27.0687944131872
2480000000,-27.0797899909683
2480000000,-27.0629553104146
2480000000,-27.0783229074261
2480000000,-27.0487406641611
2480000000,-27.0474484254964
2480000000,-27.0550934249501
2480000000,-27.0461321582949
2480000000,-27.039141883064
2480000000,-27.0449798333965
2480000000,-27.0331431038216
2480000000,-27.0453640813759
2480000000,-27.0323205146297
2480000000,-27.0263951568225
2480000000,-27.0230089776772
2480000000,-27.0249311794119
2480000000,-27.0224816125024
2480000000,-27.0156835263896
2480000000,-27.0143429775175
2480000000,-27.0146807757899
2480000000,-27.0131787854594
2480000000,-27.000841843272
2480000000,-26.9910269694574
2480000000,-26.9813129617045
2480000000,-27.0048140919699
2480000000,-26.9900007700485
2480000000,-26.9669735673823
2480000000,-26.9882303185492
2480000000,-26.9852817252472
2480000000,-26.9798497884291
2480000000,-26.9819560599054
2480000000,-26.9831464107047
2480000000,-26.9714394445526
2480000000,-26.9683237642434
2480000000,-26.9640347403353
2480000000,-26.9601002075131
2480000000,-26.9456462529482
2480000000,-26.9520374411258
2480000000,-26.9478334452129
2480000000,-26.9462541198926
2480000000,-26.9368957510843
2480000000,-26.9316888048318
2480000000,-26.9191153624584
2480000000,-26.933657165089
2480000000,-26.9234973594298
2480000000,-26.9116317950333
2480000000,-26.9220752788036
2480000000,-26.9258647835507
2480000000,-26.9162335188026
2480000000,-26.9088625019371
2480000000,-26.9163340854868
2480000000,-26.9013327626644
2480000000,-26.8809690251805
2480000000,-26.8894438343797
2480000000,-26.8869359207782
2480000000,-26.8942136388205
2480000000,-26.8787734441513
2480000000,-26.8900588224582
2480000000,-26.8782920534208
2480000000,-26.8711256446392
2480000000,-26.8559569326742
2480000000,-26.8730376853273
2480000000,-26.8636699471797
2480000000,-26.8595749242913
2480000000,-26.8524608598686
2480000000,-26.8642383835371
2480000000,-26.8511234384857
2480000000,-26.8422781468136
2480000000,-26.8474004684494
2480000000,-26.8461949245163
2480000000,-26.8418173028267
2480000000,-26.8367288992444
2480000000,-26.8325871335973
2480000000,-26.8367213870957
2480000000,-26.8335157686039
2480000000,-26.8203870817009
2480000000,-26.8122425734739
2480000000,-26.8197215288325
2480000000,-26.8214233424196
2480000000,-26.8088731767112
2480000000,-26.8100452030532
2480000000,-26.7985112746916
2480000000,-26.8170784929228
2480000000,-26.7562589707739
2480000000,-26.8059600975794
2480000000,-26.787607379789
2480000000,-26.7955399713201
2480000000,-26.795676773184
2480000000,-26.7879465419668
2480000000,-26.7997556572178
2480000000,-26.7862496263977
2480000000,-26.7795482078969
2480000000,-26.7822701666193
2480000000,-26.7770713716427
2480000000,-26.7727182931098
2480000000,-26.761694655986
2480000000,-26.7511191550532
2480000000,-26.7719298101066
2480000000,-26.7581032734521
2480000000,-26.7440831285892
2480000000,-26.7413811765931
2480000000,-26.7505042310896
2480000000,-26.7415617740454
2480000000,-26.7426911131486
2480000000,-26.7379741899872
2480000000,-26.7348282666473
2480000000,-26.7284589548953
2480000000,-26.7265280294656
2480000000,-26.7269060101761
2480000000,-26.7273569139604
2480000000,-26.7230016238152
2480000000,-26.717322741582
2480000000,-26.7130069944259
2480000000,-26.7195721686337
2480000000,-26.7065241689476
2480000000,-26.7023704222303
2480000000,-26.6940079665431
2480000000,-26.7161624602031
2480000000,-26.6868941856947
2480000000,-26.6936257545518
2480000000,-26.7032340029515
2480000000,-26.6999741887072
2480000000,-26.6770716044989
2480000000,-26.6665820211509
2480000000,-26.676175387928
2480000000,-26.6776776320221
2480000000,-26.6689308708008
2480000000,-26.6742926689764
2480000000,-26.6645047046247
2480000000,-26.6557734389522
2480000000,-26.6557936186217
2480000000,-26.6677308294772
2480000000,-26.6530217281196
2480000000,-26.6540481227819
2480000000,-26.6473732206641
2480000000,-26.6517726625541
2480000000,-26.6368008136356
2480000000,-26.636489706835
2480000000,-26.6385344998653
2480000000,-26.6260416021967
2480000000,-26.6261651750527
2480000000,-26.6369474942251
2480000000,-26.6293505053027
2480000000,-26.6059333514294
2480000000,-26.6185278585258
2480000000,-26.6186146925636
2480000000,-26.6006474346115
2480000000,-26.6058092294952
2480000000,-26.6072870493291
2480000000,-26.6028307536489
2480000000,-26.5969279421915
2480000000,-26.5882874416929
2480000000,-26.590419597263
2480000000,-26.5864208890573
2480000000,-26.5752639282885
2480000000,-26.5778829116294
2480000000,-26.5655338853565
2480000000,-26.5826926515534
2480000000,-26.5770433311253
2480000000,-26.5683815071987
2480000000,-26.5560095312956
2480000000,-26.5618232454924
2480000000,-26.5630981147423
2480000000,-26.5652708441608
2480000000,-26.5435958756157
2480000000,-26.545978158185
2480000000,-26.5409651070118
2480000000,-26.5367453018884
2480000000,-26.5321362199837
2480000000,-26.5343918573312
2480000000,-26.5242577813228
2480000000,-26.5253140150952
2480000000,-26.5277398951672
2480000000,-26.5205147804405
2480000000,-26.5148188450696
2480000000,-26.522871453691
2480000000,-26.5135694817839
2480000000,-26.5093309799804
2480000000,-26.5050110354397
2480000000,-26.4996930182931
2480000000,-26.4942427280348
2480000000,-26.4967231968205
2480000000,-26.4940167640501
2480000000,-26.49133855055
2480000000,-26.4986131495833
2480000000,-26.4913701073284
2480000000,-26.4890363604474
2480000000,-26.4793704166921
2480000000,-26.4639616642971
2480000000,-26.4637455647325
2480000000,-26.4571282310966
2480000000,-26.4724958955562
2480000000,-26.466194510653
2480000000,-26.458305931112
2480000000,-26.4563616658549
2480000000,-26.4568310048002
2480000000,-26.4403861285387
2480000000,-26.4304039490018
2480000000,-26.4361688566719
2480000000,-26.4294850050715
2480000000,-26.443671775437
2480000000,-26.4341396125141
2480000000,-26.4241582298502
2480000000,-26.4233494614604
2480000000,-26.4365278138221
2480000000,-26.4090781479897
2480000000,-26.4074960368157
2480000000,-26.4240126993864
2480000000,-26.4029334574409
2480000000,-26.3909076705853
2480000000,-26.4060969085579
2480000000,-26.3993715195281
2480000000,-26.3965002259188
2480000000,-26.4340027504154
2480000000,-26.3909919516009
2480000000,-26.3824165574193
2480000000,-26.3786263556999
2480000000,-26.3700876719486
2480000000,-26.372598920821
2480000000,-26.360492150415
2480000000,-26.3597639265799
2480000000,-26.3640482533586
2480000000,-26.3557987051545
2480000000,-26.3533885864264
2480000000,-26.345605938831
2480000000,-26.3579700151087
2480000000,-26.3366784736924
2480000000,-26.3467426612044
2480000000,-26.3488825304952
2480000000,-26.3347246956987
2480000000,-26.3295273719601
2480000000,-26.329019224685
2480000000,-26.3117770389655
2480000000,-26.3191452356156
2480000000,-26.3283595159592
2480000000,-26.3067682279316
2480000000,-26.316438265826
2480000000,-26.2990816462032
2480000000,-26.2996751365288
2480000000,-26.2896997110453
2480000000,-26.2906371807504
2480000000,-26.2883448637436
2480000000,-26.2872631485554
2480000000,-26.2720975590576
2480000000,-26.294245156588
2480000000,-26.2756389448321
2480000000,-26.2734710073572
2480000000,-26.2676194700467
2480000000,-26.2640426957623
2480000000,-26.2637210970776
2480000000,-26.2561152816833
2480000000,-26.2565499956095
2480000000,-26.2335689826945
2480000000,-26.228522278783
2480000000,-26.2337242645562
2480000000,-26.1854569178444
2480000000,-26.1937858565522
2480000000,-26.1838272407647
2480000000,-26.1744406648344
2480000000,-26.1815501307505
2480000000,-26.174175808182
2480000000,-26.1585031637511
2480000000,-26.1742289289297
2480000000,-26.1672231617928
2480000000,-26.1600867240471
2480000000,-26.1574869414392
2480000000,-26.1750546388841
2480000000,-26.1557046948112
2480000000,-26.1427193913978
2480000000,-26.1488266925475
2480000000,-26.1249537804693
2480000000,-26.1301210640783
2480000000,-26.1435429260885
2480000000,-26.1372249499077
2480000000,-26.1165577448838
2480000000,-26.1202852332802
2480000000,-26.0979071427201
2480000000,-26.1356066684979
2480000000,-26.1591681500153
2480000000,-26.1490367201778
2480000000,-26.1652923991911
2480000000,-26.1444726845168
2480000000,-26.1377515575925
2480000000,-26.13362498994
2480000000,-26.1323809339225
2480000000,-26.1125386367443
2480000000,-26.1282603182428
2480000000,-26.1214448265332
2480000000,-26.1284424677671
2480000000,-26.1048668739298
2480000000,-26.108698182627
2480000000,-26.1030707575718
2480000000,-26.1104497346773
2480000000,-26.1082031932968
2480000000,-26.0999032647535
2480000000,-26.0897093559744
2480000000,-26.09339616705
2480000000,-26.0834893439817
2480000000,-26.0812054969506
2480000000,-26.0769815149611
2480000000,-26.0763804963303
2480000000,-26.0728836478941
2480000000,-26.0639760455458
2480000000,-26.0578097165295
2480000000,-26.060097594507
2480000000,-26.0415635080752
2480000000,-26.0657020094097
2480000000,-26.0447275607912
2480000000,-26.0332257833066
2480000000,-26.0354770477274
2480000000,-26.0402664865294
2480000000,-26.0368588489128
2480000000,-26.0436476406143
2480000000,-26.0237961162862
2480000000,-26.0347073031992
2480000000,-26.0239153675172
2480000000,-26.0196808506051
2480000000,-26.0171271409278
2480000000,-26.0083509066921
2480000000,-26.0192578762588
2480000000,-26.0059259253185
2480000000,-25.9998193925581
2480000000,-25.9883696219784
2480000000,-25.9948198929841
2480000000,-25.9846890161262
2480000000,-25.9756266068261
2480000000,-25.9967993473908
2480000000,-25.9825740939249
2480000000,-25.9661007416903
2480000000,-25.9656293406134
2480000000,-25.9747211374997
2480000000,-25.9673193512896
2480000000,-25.9644436767354
2480000000,-25.9564260779215
2480000000,-25.9440864847209
2480000000,-25.9472362944289
2480000000,-25.9454850372402
2480000000,-25.9405317563262
2480000000,-25.9321952029953
2480000000,-25.9252327284153
2480000000,-25.9279069463421
2480000000,-25.9291104884464
2480000000,-25.9236242792104
2480000000,-25.9239151155962
2480000000,-25.9311425891155
2480000000,-25.9063933897905
2480000000,-25.9084092316264
2480000000,-25.9023451751735
2480000000,-25.9157851086185
2480000000,-25.8954529408615
2480000000,-25.8959794909628
2480000000,-25.8850418193529
2480000000,-25.8762459893028
2480000000,-25.8818445185143
2480000000,-25.8731811649887
2480000000,-25.8640030153601
2480000000,-25.8609828355248
2480000000,-25.8662578215893
2480000000,-25.8563044616183
2480000000,-25.852628586658
2480000000,-25.8420248683765
2480000000,-25.8489708994686
2480000000,-25.8439272544002
2480000000,-25.8348163560223
2480000000,-25.8421292999868
2480000000,-25.8295321010843
2480000000,-25.8238878187209
2480000000,-25.834408527948
2480000000,-25.83029382413
2480000000,-25.8241467662018
2480000000,-25.8198907176174
2480000000,-25.8167775393571
2480000000,-25.8144177874762
2480000000,-25.8023260334495
2480000000,-25.8013990241966
2480000000,-25.7890604713279
2480000000,-25.7909709003076
2480000000,-25.7958268974416
2480000000,-25.7960207991422
2480000000,-25.7825986261549
2480000000,-25.7872478744266
2480000000,-25.7821307836801
2480000000,-25.7749321790675
2480000000,-25.7768324323794
2480000000,-25.7663226888795
2480000000,-25.7719639996568
2480000000,-25.7550397247283
2480000000,-25.7571299492368
2480000000,-25.7540295968016
2480000000,-25.7425816456409
2480000000,-25.7542610171875
2480000000,-25.7418336880107
2480000000,-25.7418320050561
2480000000,-25.7310921957016
2480000000,-25.746582722688
2480000000,-25.728098905324
2480000000,-25.7270137034581
2480000000,-25.7234390446772
2480000000,-25.7108064146492
2480000000,-25.7116342525573
2480000000,-25.7079689312698
2480000000,-25.7151653967808
2480000000,-25.693563441824
2480000000,-25.7055442758636
2480000000,-25.7004214602592
2480000000,-25.6939295567512
2480000000,-25.6932206246182
2480000000,-25.7003176910326
2480000000,-25.6869861850143
2480000000,-25.6868814888272
2480000000,-25.6792673811982
2480000000,-25.6762699820153
2480000000,-25.6669507599988
2480000000,-25.6789431373327
2480000000,-25.6705022274832
2480000000,-25.6605782746591
2480000000,-25.6576451607582
2480000000,-25.6629244813169
2480000000,-25.6645700895984
2480000000,-25.6872862088067
2480000000,-25.6371040996515
2480000000,-25.6323337268628
2480000000,-25.6451697985125
2480000000,-25.6415795598007
2480000000,-25.6429085328093
2480000000,-25.6390517187108
2480000000,-25.6325837317406
2480000000,-25.6340687407277
2480000000,-25.6299168520188
2480000000,-25.6290633349031
2480000000,-25.621964147636
2480000000,-25.6106692562877
2480000000,-25.6139427889232
2480000000,-25.6174373420686
2480000000,-25.6182182640396
2480000000,-25.6058704143308
2480000000,-25.599883758163
2480000000,-25.6153659976355
2480000000,-25.6091480349371
2480000000,-25.5869763265486
2480000000,-25.5925304522407
2480000000,-25.5880799064832
2480000000,-25.5901894163446
2480000000,-25.5919617385254
2480000000,-25.5875813573705
2480000000,-25.58949469232
2480000000,-25.5814299090239
2480000000,-25.570658475809
2480000000,-25.5746905775937
2480000000,-25.5756302423073
2480000000,-25.5677845588696
2480000000,-25.5651641758788
2480000000,-25.5622913117609
2480000000,-25.5548313288167
2480000000,-25.5670044074084
2480000000,-25.5459032633847
2480000000,-25.5364047250104
2480000000,-25.5412949216005
2480000000,-25.5308364278293
2480000000,-25.5328319587279
2480000000,-25.5349183457008
2480000000,-25.5334647445319
2480000000,-25.5294333668316
2480000000,-25.5296160670397
2480000000,-25.5223722859419
2480000000,-25.5233971830273
2480000000,-25.5277039958351
2480000000,-25.5057358812892
2480000000,-25.5200015113445
2480000000,-25.5057870336878
2480000000,-25.4982442788423
2480000000,-25.5026422296914
2480000000,-25.5084214831517
2480000000,-25.4965607749937
2480000000,-25.4931552018635
2480000000,-25.4908925604332
2480000000,-25.4906539723466
2480000000,-25.4774420947431
2480000000,-25.4858247482166
2480000000,-25.4716213938148
2480000000,-25.4803085739967
2480000000,-25.4637088875968
2480000000,-25.4650698965277
2480000000,-25.4617924868195
2480000000,-25.4626819967204
2480000000,-25.4590792771258
2480000000,-25.4543162291134
2480000000,-25.4512388747225
2480000000,-25.4602175874476
2480000000,-25.441939596225
2480000000,-25.4384484597979
2480000000,-25.4435333896156
2480000000,-25.4465326654739
2480000000,-25.4487149632339
2480000000,-25.4328739093266
2480000000,-25.4365270017764
2480000000,-25.4211533935947
2480000000,-25.4264090106262
2480000000,-25.4185153746684
2480000000,-25.4201107573387
2480000000,-25.4215345840656
2480000000,-25.4144310825091
2480000000,-25.4166380696986
2480000000,-25.4023425434526
2480000000,-25.4057164102182
2480000000,-25.4012613327715
2480000000,-25.4031766315102
2480000000,-25.4003269413523
2480000000,-25.393376659522
2480000000,-25.3841743028259
2480000000,-25.3984762220407
2480000000,-25.3827309031687
2480000000,-25.3919863258959
2480000000,-25.3775157205967
2480000000,-25.3739977738644
2480000000,-25.3664275586412
2480000000,-25.3694702966546
2480000000,-25.3569628958804
2480000000,-25.3611981167267
2480000000,-25.361644624282
2480000000,-25.3588411386578
2480000000,-25.3335089867774
2480000000,-25.3481692161432
2480000000,-25.3418746988977
2480000000,-25.334557722194
2480000000,-25.3362623228222
2480000000,-25.3394649720472
2480000000,-25.3329548464035
2480000000,-25.3377283235407
2480000000,-25.3255809345346
2480000000,-25.3172621491288
2480000000,-25.3211326255449
2480000000,-25.3267434801945
2480000000,-25.3205061152343
2480000000,-25.3243565736629
2480000000,-25.3044582756209
2480000000,-25.3055983554927
2480000000,-25.3098352706693
2480000000,-25.3126109359994
2480000000,-25.2908861643473
2480000000,-25.2966656532593
2480000000,-25.2920582964871
2480000000,-25.2987134604279
2480000000,-25.2936926853781
2480000000,-25.2807899203237
2480000000,-25.2659760953102
2480000000,-25.2759279886721
2480000000,-25.2735003620697
2480000000,-25.2625328946321
2480000000,-25.2786329132811
2480000000,-25.2704797674238
2480000000,-25.2663303861155
2480000000,-25.2651014561683
2480000000,-25.2540071210191
2480000000,-25.2542983206438
2480000000,-25.2566267909215
2480000000,-25.2482887479853
2480000000,-25.2332443884399
2480000000,-25.2427630840733
2480000000,-25.2451035093662
2480000000,-25.2387007328365
2480000000,-25.2356900035992
2480000000,-25.2346875444529
2480000000,-25.2162595002691
2480000000,-25.2243171788895
2480000000,-25.2161467211771
2480000000,-25.2173634514836
2480000000,-25.2225300489959
2480000000,-25.2194865592818
2480000000,-25.2144741445059
2480000000,-25.2060852596055
2480000000,-25.203618053431
2480000000,-25.1964443814376
2480000000,-25.2054092918804
2480000000,-25.1952601665017
2480000000,-25.190299383835
2480000000,-25.1936665269075
2480000000,-25.1968931004224
2480000000,-25.1782347539157
2480000000,-25.1849968058546
2480000000,-25.1834227160692
2480000000,-25.1795067239981
2480000000,-25.1685384163697
2480000000,-25.1715523203017
2480000000,-25.1700320862055
2480000000,-25.1482153068073
2480000000,-25.1574828516391
2480000000,-25.1553413402271
2480000000,-25.1611718765081
2480000000,-25.1492836031041
2480000000,-25.1644383122024
2480000000,-25.1528912789393
2480000000,-25.14609296451
2480000000,-25.1449144633579
2480000000,-25.1317614059428
2480000000,-25.1334836804875
2480000000,-25.1374105264975
2480000000,-25.1308291425464
2480000000,-25.124051921845
2480000000,-25.1288272172203
2480000000,-25.1264858686433
2480000000,-25.12588556609
2480000000,-25.1156522344289
2480000000,-25.1172884506704
2480000000,-25.1185541510656
2480000000,-25.1082083728817
2480000000,-25.1106520589113
2480000000,-25.1056778174416
2480000000,-25.1190851025923
2480000000,-25.0964858127131
2480000000,-25.0996140722994
2480000000,-25.0898964865116
2480000000,-25.0876122997972
2480000000,-25.0950448592914
2480000000,-25.09888490414
2480000000,-25.0877022679741
2480000000,-25.0873490757454
2480000000,-25.0832581877989
2480000000,-25.0920154791877
2480000000,-25.0791767728574
2480000000,-25.0395403169567
2480000000,-25.0783552638112
2480000000,-25.0728551837162
2480000000,-25.0642672196259
2480000000,-25.0656545282709
2480000000,-25.0685135498181
2480000000,-25.0589362165834
2480000000,-25.0586403134581
2480000000,-25.0615121523578
2480000000,-25.0553333481748
2480000000,-25.053918310953
2480000000,-25.0557045842724
2480000000,-25.0420119729883
2480000000,-25.0471405397636
2480000000,-25.0372790337291
2480000000,-25.0329125401325
2480000000,-25.0400703453612
2480000000,-25.0304255967947
2480000000,-25.0264595099913
2480000000,-25.0338893900621
2480000000,-25.0276088515266
2480000000,-25.0214347597689
2480000000,-25.0245535260635
2480000000,-25.0212546554542
2480000000,-25.0193220529638
2480000000,-25.0276948681704
2480000000,-25.0180428299802
2480000000,-25.0116206253388
2480000000,-25.011653688113
2480000000,-25.0020778844202
2480000000,-25.014974476332
2480000000,-25.0039556150991
2480000000,-25.0029173538386
2480000000,-24.989655733153
2480000000,-24.9947907419788
2480000000,-24.9905450128935
2480000000,-24.9889886769523
2480000000,-24.989874368762
2480000000,-24.9768432198792
2480000000,-24.9821409797278
2480000000,-24.9731921789392
2480000000,-24.9806933622273
2480000000,-24.9805042520761
2480000000,-24.9656311490084
2480000000,-24.9683779614248
2480000000,-24.9664455807112
2480000000,-24.9611803522627
2480000000,-24.9586382446921
2480000000,-24.9619241789309
2480000000,-24.9579530240858
2480000000,-24.9174856773546
2480000000,-24.9545785646872
2480000000,-24.9445959936048
2480000000,-24.9636721744412
2480000000,-24.9558275181955
2480000000,-24.9488645058366
2480000000,-24.9435680603327
2480000000,-24.9462154514226
2480000000,-24.9395940415864
2480000000,-24.9251822293167
2480000000,-24.9447209335299
2480000000,-24.9348072803248
2480000000,-24.9394047343636
2480000000,-24.9251373242437
2480000000,-24.9328552800143
2480000000,-24.9282238029085
2480000000,-24.9207659184365
2480000000,-24.923321828681
2480000000,-24.9241243450039
2480000000,-24.9191585182922
2480000000,-24.9222554032361
2480000000,-24.9113336509897
2480000000,-24.9145148606672
2480000000,-24.9100334524234
2480000000,-24.9184259268501
2480000000,-24.9177143691732
2480000000,-24.9091946725815
2480000000,-24.9120379577218
2480000000,-24.9034612433444
2480000000,-24.9049426127514
2480000000,-24.9002375514595
2480000000,-24.906906516682
2480000000,-24.9009850218632
2480000000,-24.8931377858834
2480000000,-24.9067407772366
2480000000,-24.8998165341899
2480000000,-24.8878821340834
2480000000,-24.90371382623
2480000000,-24.8828319912912
2480000000,-24.8876539694355
2480000000,-24.8836510809851
2480000000,-24.8855038033721
2480000000,-24.883989896017
2480000000,-24.8835532539971
2480000000,-24.8852924940413
2480000000,-24.8784915719162
2480000000,-24.8706173962663
2480000000,-24.8682945538088
2480000000,-24.8541902200014
2480000000,-24.8783948346673
2480000000,-24.8797623053941
2480000000,-24.8851098105104
2480000000,-24.8720815496294
2480000000,-24.875429971126
2480000000,-24.8808569835758
2480000000,-24.8815489669328
2480000000,-24.8708917794657
2480000000,-24.8739060132169
2480000000,-24.866038330058
2480000000,-24.8693249642637
2480000000,-24.8545001275041
2480000000,-24.8737662775226
2480000000,-24.8620591133383
2480000000,-24.8773810263759
2480000000,-24.8614525286069
2480000000,-24.8670580090649
2480000000,-24.8625470154378
2480000000,-24.8613059723949
2480000000,-24.8608699320538
2480000000,-24.8665478528437
2480000000,-24.8564455830453
2480000000,-24.8489979742905
2480000000,-24.867409602874
2480000000,-24.8667525652401
2480000000,-24.8564238726967
2480000000,-24.8498888538429
2480000000,-24.8685290807024
2480000000,-24.8521749869704
2480000000,-24.8580797391493
2480000000,-24.854672349823
2480000000,-24.8616863117259
2480000000,-24.8508237636377
2480000000,-24.850742446779
2480000000,-24.8597373820836
2480000000,-24.8633884962151
2480000000,-24.8533121086989
2480000000,-24.8512232174023
2480000000,-24.8622697314575
2480000000,-24.8606461533226
2480000000,-24.8498404718237
2480000000,-24.8575474421057
2480000000,-24.8520964119322
2480000000,-24.8468394867824
2480000000,-24.8562450654994
2480000000,-24.8554961392694
2480000000,-24.8619922170932
2480000000,-24.8516794125049
2480000000,-24.8518414577348
2480000000,-24.8596101788407
2480000000,-24.8566198347517
2480000000,-24.8504027776168
2480000000,-24.8479072421198
2480000000,-24.8607636360521
2480000000,-24.8603936275789
2480000000,-24.8546607254045
2480000000,-24.8598428259469
2480000000,-24.8531019942185
2480000000,-24.8636074614521
2480000000,-24.8551058544535
2480000000,-24.8470305419518
2480000000,-24.8632700956031
2480000000,-24.8586062009303
2480000000,-24.8646330262983
2480000000,-24.8566068932142
2480000000,-24.8603956649306
2480000000,-24.8443606322631
2480000000,-24.8566879780009
2480000000,-24.8632814426677
2480000000,-24.8502127284766
2480000000,-24.8546378919221
2480000000,-24.8628335617541
2480000000,-24.8630695642707
2480000000,-24.8619961441847
2480000000,-24.8572030490729
2480000000,-24.8530779406612
2480000000,-24.8531093393057
2480000000,-24.8694123705472
2480000000,-24.8619255429733
2480000000,-24.8573155057234
2480000000,-24.8670073882219
2480000000,-24.8657844615855
2480000000,-24.8580968759099
2480000000,-24.8528741866329
2480000000,-24.855517416928
2480000000,-24.8588213791596
2480000000,-24.860309670764
2480000000,-24.8544590737929
2480000000,-24.8637138945631
2480000000,-24.8515083495324
2480000000,-24.8519375274823
2480000000,-24.8443823451619
2480000000,-24.8547695957789
2480000000,-24.8628837505042
2480000000,-24.8597623593581
2480000000,-24.8541652021355
2480000000,-24.8578211487732
2480000000,-24.8586480664665
2480000000,-24.8615222438455
2480000000,-24.8638803225707
2480000000,-24.8444689375636
2480000000,-24.861297227073
2480000000,-24.862580635432
2480000000,-24.8619261324657
2480000000,-24.8611351000207
2480000000,-24.8611755324361
2480000000,-24.8643362733797
2480000000,-24.857518877815
2480000000,-24.8559033644663
2480000000,-24.8675690839317
2480000000,-24.863192714339
2480000000,-24.8602371212725
2480000000,-24.863289036722
2480000000,-24.863925330734
2480000000,-24.8459917734714
2480000000,-24.8588061535137
2480000000,-24.8508656184148
2480000000,-24.8690752467105
2480000000,-24.8687526377232
2480000000,-24.8634219072508
2480000000,-24.8631567113042
2480000000,-24.8779388813793
2480000000,-24.8635404921339
2480000000,-24.8578526850357
2480000000,-24.8702667115826
2480000000,-24.8637277933574
2480000000,-24.8740954274904
2480000000,-24.8667964555042
2480000000,-24.8643413484789
2480000000,-24.8692804235698
2480000000,-24.8702182645318
2480000000,-24.8738257995154
2480000000,-24.8667204492054
2480000000,-24.8742212158182
2480000000,-24.8747377733485
2480000000,-24.8694424344303
2480000000,-24.8713960939801
2480000000,-24.8682839203976
2480000000,-24.8670073369843
2480000000,-24.8726480962818
2480000000,-24.8620110530506
2480000000,-24.8640740983588
2480000000,-24.8726466563862
2480000000,-24.8772384412067
2480000000,-24.8637404740012
2480000000,-24.871236103182
2480000000,-24.8674962069172
2480000000,-24.863321580644
2480000000,-24.8643361156466
2480000000,-24.869013930043
2480000000,-24.8773831476373
2480000000,-24.8640968569382
2480000000,-24.8652836284827
2480000000,-24.85047625368
2480000000,-24.8584632763503
2480000000,-24.8607946757282
2480000000,-24.8570715168307
2480000000,-24.860981816109
2480000000,-24.8508892447467
2480000000,-24.8670268561014
2480000000,-24.8580293825104
2480000000,-24.8570079238139
2480000000,-24.8686625953906
2480000000,-24.860029275609
2480000000,-24.8600821569561
2480000000,-24.8672439144231
2480000000,-24.8579259160407
2480000000,-24.8569243783302
2480000000,-24.8474769034977
2480000000,-24.8603222121302
2480000000,-24.8580389358663
2480000000,-24.8555267529852
2480000000,-24.8544244906482
2480000000,-24.8443947839005
2480000000,-24.8428027898151
2480000000,-24.8504619912518
2480000000,-24.8439527543343
2480000000,-24.8495000876132
2480000000,-24.8102219366613
2480000000,-24.8433700574658
2480000000,-24.844190161314
2480000000,-24.8362073658942
2480000000,-24.8414737559833
2480000000,-24.8384306443643
2480000000,-24.8358090908196
2480000000,-24.841649042272
2480000000,-24.831279316421
2480000000,-24.8276015551468
2480000000,-24.8404421772962
2480000000,-24.8412995924744
2480000000,-24.8342610674177
2480000000,-24.8367945431558
2480000000,-24.8259075075166
2480000000,-24.8265467456557
2480000000,-24.8335064845394
2480000000,-24.833817895486
2480000000,-24.834827218594
2480000000,-24.8290322202292
2480000000,-24.8242717484438
2480000000,-24.8230571500714
2480000000,-24.8133653806421
2480000000,-24.8163467985307
2480000000,-24.8238935845883
2480000000,-24.8198753094083
2480000000,-24.8180896437058
2480000000,-24.8231452512521
2480000000,-24.8139016569324
2480000000,-24.8164014164048
2480000000,-24.812646282782
2480000000,-24.816086381415
2480000000,-24.8174727442423
2480000000,-24.8088048018963
2480000000,-24.798694201902
2480000000,-24.81014790009
2480000000,-24.8031077865541
2480000000,-24.8118374315933
2480000000,-24.8010206826119
2480000000,-24.804265349597
2480000000,-24.7968768811094
2480000000,-24.8054007893196
2480000000,-24.8093124940147
2480000000,-24.8116657496836
2480000000,-24.8063007222368
2480000000,-24.7896334748995
2480000000,-24.7948622014011
2480000000,-24.7951479597755
2480000000,-24.7858396932769
2480000000,-24.7828778096286
2480000000,-24.7849033270658
2480000000,-24.7823728807247
2480000000,-24.789312668446
2480000000,-24.7878400631446
2480000000,-24.7885138834539
2480000000,-24.7846010390854
2480000000,-24.7789919474962
2480000000,-24.773279280563
2480000000,-24.7655747138869
2480000000,-24.7719369520361
2480000000,-24.7744218381457
2480000000,-24.7660486231538
2480000000,-24.7645670842391
2480000000,-24.7664195308259
2480000000,-24.7677116311058
2480000000,-24.7686117793354
2480000000,-24.7594496513062
2480000000,-24.7625284775325
2480000000,-24.7661476436755
2480000000,-24.7601916313861
2480000000,-24.761749762358
2480000000,-24.7528396961864
2480000000,-24.7549761230597
2480000000,-24.7514512535758
2480000000,-24.7665370329531
2480000000,-24.7427742672001
2480000000,-24.7467904520493
2480000000,-24.748619893569
2480000000,-24.7439328297233
2480000000,-24.7474539042931
2480000000,-24.7399317927394
2480000000,-24.7398012194358
2480000000,-24.7368831653645
2480000000,-24.7469738527864
2480000000,-24.7406706283248
2480000000,-24.7389473901407
2480000000,-24.7287810017152
2480000000,-24.7274760746583
2480000000,-24.7328577572281
2480000000,-24.7372166991859
2480000000,-24.7360180998942
2480000000,-24.7279496309011
2480000000,-24.7236626676434
2480000000,-24.7388333729776
2480000000,-24.7301455968343
2480000000,-24.7298611843483
2480000000,-24.7303581676226
2480000000,-24.7233456725037
2480000000,-24.7206778290429
2480000000,-24.7283045964565
2480000000,-24.7230093786356
2480000000,-24.7182898890025
2480000000,-24.7109583856444
2480000000,-24.7089021617657
2480000000,-24.7081327323674
2480000000,-24.7082234122657
2480000000,-24.7046259554938
2480000000,-24.7147559385696
2480000000,-24.7063954661498
2480000000,-24.7110565299663
2480000000,-24.7556464351931
2480000000,-24.7009136726479
2480000000,-24.7076195671876
2480000000,-24.7083477127823
2480000000,-24.7080318174652
2480000000,-24.6993653736919
2480000000,-24.6984172100405
2480000000,-24.7003659066788
2480000000,-24.7061398243261
2480000000,-24.7008021974773
2480000000,-24.6897512533892
2480000000,-24.6958889933228
2480000000,-24.6870479096705
2480000000,-24.7003319140607
2480000000,-24.6858709474871
2480000000,-24.6880654717638
2480000000,-24.6993158095538
2480000000,-24.6847792580971
2480000000,-24.6928904585717
2480000000,-24.6909011111531
2480000000,-24.6915430348037
2480000000,-24.6941865313633
2480000000,-24.6899571428958
2480000000,-24.6831835541011
2480000000,-24.692361162445
2480000000,-24.6936877607871
2480000000,-24.6830381346222
2480000000,-24.6938829105872
2480000000,-24.685378417806
2480000000,-24.6806021488916
2480000000,-24.6823283875752
2480000000,-24.6944866026571
2480000000,-24.674566235079
2480000000,-24.6854143200137
2480000000,-24.6867724169508
2480000000,-24.6819856314625
2480000000,-24.6848441448297
2480000000,-24.6791081237772
2480000000,-24.6742975746342
2480000000,-24.672642073035
2480000000,-24.6771918707913
2480000000,-24.682181219001
2480000000,-24.6788489810673
2480000000,-24.681487227519
2480000000,-24.6621847114689
2480000000,-24.680554879875
2480000000,-24.6744461529586
2480000000,-24.6850832903711
2480000000,-24.6863144888197
2480000000,-24.6753841450554
2480000000,-24.6869459381674
2480000000,-24.6862063092754
2480000000,-24.6733519895423
2480000000,-24.6666134411261
2480000000,-24.6800039316672
2480000000,-24.686022517471
2480000000,-24.6859603468542
2480000000,-24.6769317779136
2480000000,-24.684786806541
2480000000,-24.6808870682101
2480000000,-24.6806636841762
2480000000,-24.6872079501515
2480000000,-24.6836159715966
2480000000,-24.6828576828744
2480000000,-24.682401202249
2480000000,-24.6864487803786
2480000000,-24.677883031635
2480000000,-24.6807786538096
2480000000,-24.6819628489994
2480000000,-24.6877631829224
2480000000,-24.6753622976481
2480000000,-24.6822958852406
2480000000,-24.6888431425974
2480000000,-24.6790610454234
2480000000,-24.6846056534171
2480000000,-24.6851691060711
2480000000,-24.6796268617807
2480000000,-24.6787105809064
2480000000,-24.6801616770606
2480000000,-24.6923212250147
2480000000,-24.6955296807835
2480000000,-24.6891286412546
2480000000,-24.689247469198
2480000000,-24.6762824241837
2480000000,-24.6847437422942
2480000000,-24.6883695425717
2480000000,-24.6880761716992
2480000000,-24.6850893403391
2480000000,-24.6874597402609
2480000000,-24.6982683812601
2480000000,-24.6897656108457
2480000000,-24.7105805760821
2480000000,-24.6922355514341
2480000000,-24.6940696679146
2480000000,-24.6878607968127
2480000000,-24.6831648571671
2480000000,-24.6895382341609
2480000000,-24.6976871231685
2480000000,-24.6955863093026
2480000000,-24.6959059515708
2480000000,-24.701688988641
2480000000,-24.700731610714
2480000000,-24.7050442545081
2480000000,-24.6963715513013
2480000000,-24.7027906189793
2480000000,-24.6989345367353
2480000000,-24.7025417257066
2480000000,-24.6992778803584
2480000000,-24.6990704010826
2480000000,-24.7021759155746
2480000000,-24.6956943376146
2480000000,-24.7119299054544
2480000000,-24.7051776447772
2480000000,-24.7086646592826
2480000000,-24.7063562482303
2480000000,-24.7052305592678
2480000000,-24.7114010238739
2480000000,-24.6989467861783
2480000000,-24.6998944955748
2480000000,-24.7107434928517
2480000000,-24.7117283696286
2480000000,-24.7135055248305
2480000000,-24.7106843050663
2480000000,-24.7134416535011
2480000000,-24.7069715474044
2480000000,-24.7149841651099
2480000000,-24.7222472058519
2480000000,-24.726535432143
2480000000,-24.7232264760377
2480000000,-24.7190599792552
2480000000,-24.7200829066686
2480000000,-24.7206593371515
2480000000,-24.7193204603658
2480000000,-24.7123336509413
2480000000,-24.7242581396308
2480000000,-24.7265020425476
2480000000,-24.7256687921603
2480000000,-24.7311142793246
2480000000,-24.7261850012012
2480000000,-24.7256680485515
2480000000,-24.7280660304418
2480000000,-24.7364266426562
2480000000,-24.7299396953567
2480000000,-24.7413373042621
2480000000,-24.7380827703628
2480000000,-24.7360486134865
2480000000,-24.7382278502507
2480000000,-24.730164467194
2480000000,-24.7409398013574
2480000000,-24.731829417899
2480000000,-24.7408491223858
2480000000,-24.7352103740411
2480000000,-24.7437561885188
2480000000,-24.7390869702688
2480000000,-24.7443989586457
2480000000,-24.7485108579929
2480000000,-24.7541200755414
2480000000,-24.7451750552783
2480000000,-24.7454986549354
2480000000,-24.7560913416716
2480000000,-24.7593183089875
2480000000,-24.7483834380118
2480000000,-24.7564908487767
2480000000,-24.7574911792297
2480000000,-24.7618556280411
2480000000,-24.7585896745239
2480000000,-24.7593026781238
2480000000,-24.7634137431331
2480000000,-24.758549981183
2480000000,-24.7646491577837
2480000000,-24.7738744012507
2480000000,-24.7629164497848
2480000000,-24.7707359286692
2480000000,-24.7596713053308
2480000000,-24.7700166251344
2480000000,-24.7672504049799
2480000000,-24.7614744279673
2480000000,-24.7654522435829
2480000000,-24.7729811801247
2480000000,-24.7648330989355
2480000000,-24.7715910068603
2480000000,-24.7724102983892
2480000000,-24.7718583649244
2480000000,-24.7669106287722
2480000000,-24.7709583459565
2480000000,-24.7758172208462
2480000000,-24.7757773942422
2480000000,-24.7702520413204
2480000000,-24.7720145625791
2480000000,-24.7813289480457
2480000000,-24.7885171066141
2480000000,-24.7784119817921
2480000000,-24.7880495985159
2480000000,-24.7847152540395
2480000000,-24.786191568297
2480000000,-24.7886698215399
2480000000,-24.789528213009
2480000000,-24.7997982717159
2480000000,-24.7811951441178
2480000000,-24.7894271931412
2480000000,-24.7906653518576
2480000000,-24.7889280549018
2480000000,-24.7922289432471
2480000000,-24.7951978858539
2480000000,-24.7920658193768
2480000000,-24.8059363132256
2480000000,-24.8136378390803
2480000000,-24.7940106420418
2480000000,-24.7935850657574
2480000000,-24.8095306875676
2480000000,-24.8059717038986
2480000000,-24.8039416507444
2480000000,-24.8069500236346
2480000000,-24.7961685184486
2480000000,-24.7862301295597
2480000000,-24.8158429422823
2480000000,-24.8094273888514
2480000000,-24.8051316765252
2480000000,-24.8146442895224
2480000000,-24.7832561305007
2480000000,-24.8262823551211
2480000000,-24.82054148274
2480000000,-24.8202603533535
2480000000,-24.8089330290218
2480000000,-24.8259723734845
2480000000,-24.8196094498629
2480000000,-24.8176008105115
2480000000,-24.8190035621341
2480000000,-24.8275910879056
2480000000,-24.8254089821065
2480000000,-24.8334659069899
2480000000,-24.8299010839091
2480000000,-24.8248575238334
2480000000,-24.8315445889556
2480000000,-24.8206182601972
2480000000,-24.8382985736527
2480000000,-24.8332950005791
2480000000,-24.8375099036268
2480000000,-24.8325645336487
2480000000,-24.8317055114856
2480000000,-24.8474244247269
2480000000,-24.8401188539165
2480000000,-24.8464841758177
2480000000,-24.8338561571004
2480000000,-24.842402948518
2480000000,-24.8448834435057
2480000000,-24.8362001286423
2480000000,-24.8438958696508
2480000000,-24.8545606232951
2480000000,-24.8496235216284
2480000000,-24.8459112296074
2480000000,-24.8582697221637
2480000000,-24.8512354597793
2480000000,-24.8529764234187
2480000000,-24.8493069878486
2480000000,-24.8656425294902
2480000000,-24.8608288782927
2480000000,-24.8590390344374
2480000000,-24.862735920148
2480000000,-24.8579102783427
2480000000,-24.850529229713
2480000000,-24.8662577054837
2480000000,-24.8644810523139
2480000000,-24.8657648754015
2480000000,-24.8689735029809
2480000000,-24.8689480806602
2480000000,-24.8714531042978
2480000000,-24.8732454841632
2480000000,-24.870952666799
2480000000,-24.8669950903891
2480000000,-24.8703826770008
2480000000,-24.8777434303387
2480000000,-24.8830516729997
2480000000,-24.8781506123397
2480000000,-24.8743286164909
2480000000,-24.8823337484289
2480000000,-24.8835468332664
2480000000,-24.8802106128419
2480000000,-24.8824526600954
2480000000,-24.8934291444997
2480000000,-24.8828207968574
2480000000,-24.8853894315502
2480000000,-24.8857103533939
2480000000,-24.8903148393935
2480000000,-24.8874199536657
2480000000,-24.8933242794625
2480000000,-24.8961601008122
2480000000,-24.8942097002494
2480000000,-24.8933847913922
2480000000,-24.9004801966428
2480000000,-24.9006995972874
2480000000,-24.8719677949539
2480000000,-24.8894021509728
2480000000,-24.8931674257807
2480000000,-24.904386091874
2480000000,-24.8940071608674
2480000000,-24.90234885562
2480000000,-24.9041172471476
2480000000,-24.9034043844069
2480000000,-24.9028656636271
2480000000,-24.8998849918025
2480000000,-24.9100268813232
2480000000,-24.8941841501731
2480000000,-24.8982511355731
2480000000,-24.911843743553
2480000000,-24.9060720237166
2480000000,-24.9031331229854
2480000000,-24.909372084294
2480000000,-24.9176835892457
2480000000,-24.9036449893862
2480000000,-24.9181047938076
2480000000,-24.9210980888393
2480000000,-24.9057223281998
2480000000,-24.9154907830586
2480000000,-24.9138163502906
2480000000,-24.9206155195594
2480000000,-24.9068515172039
2480000000,-24.9192150621936
2480000000,-24.9198256889996
2480000000,-24.9171290366695
2480000000,-24.9240185636677
2480000000,-24.9236321366702
2480000000,-24.9165271771378
2480000000,-24.9190576027491
2480000000,-24.9221404131161
2480000000,-24.9249317956671
2480000000,-24.9230159069444
2480000000,-24.927648405041
2480000000,-24.9169017100985
2480000000,-24.9316985477388
2480000000,-24.9340851311583
2480000000,-24.9407659508277
2480000000,-24.9304869666653
2480000000,-24.92798156827
2480000000,-24.9237984716594
2480000000,-24.9376887610635
2480000000,-24.9356449195263
2480000000,-24.9285851289629
2480000000,-24.9248144462589
2480000000,-24.9371667233597
2480000000,-24.9431339390374
2480000000,-24.9280616372958
2480000000,-24.9314021539676
2480000000,-24.9333320838894
2480000000,-24.9344983056673
2480000000,-24.9324698329212
2480000000,-24.9338226613238
2480000000,-24.9318051847782
2480000000,-24.9411168424307
2480000000,-24.9430288279633
2480000000,-24.9402512765185
2480000000,-24.9360642162919
2480000000,-24.9426612068415
2480000000,-24.9453983573501
2480000000,-24.9409734047689
2480000000,-24.9424842355438
2480000000,-24.9512956281206
2480000000,-24.9408291417665
2480000000,-24.9440706483028
2480000000,-24.9492389654115
2480000000,-24.9491833325586
2480000000,-24.9433819819377
2480000000,-24.9544098471487
2480000000,-24.9528367112118
2480000000,-24.9604733921019
2480000000,-24.9559928273339
2480000000,-24.9567619549471
2480000000,-24.9644958178428
2480000000,-24.9612729252256
2480000000,-24.9705525026085
2480000000,-24.9697254778107
2480000000,-24.9618652738641
2480000000,-24.9718843571447
2480000000,-24.9710402316863
2480000000,-24.9670926849423
2480000000,-24.9678748334565
2480000000,-24.9628791087968
2480000000,-24.9741557536272
2480000000,-24.9753902872016
2480000000,-24.9796318708335
2480000000,-24.9832101538483
2480000000,-24.9832729813905
2480000000,-24.9794849584769
2480000000,-24.975375382583
2480000000,-24.9905394201611
2480000000,-24.9843408219821
2480000000,-24.9894900237466
2480000000,-24.9996513196738
2480000000,-24.9951280013382
2480000000,-24.9971499073539
2480000000,-24.9865505136486
2480000000,-24.9946937001032
2480000000,-24.9995193632518
2480000000,-24.9949837473627
2480000000,-25.0043476395166
2480000000,-25.0026088327918
2480000000,-25.012292523489
2480000000,-25.0136575665094
2480000000,-25.0040920659757
2480000000,-25.0059036818956
2480000000,-25.0034870704472
2480000000,-25.008155846984
2480000000,-25.0141921221327
2480000000,-25.0117383213855
2480000000,-25.0084252660063
2480000000,-25.007711186049
2480000000,-25.0203179719161
2480000000,-25.0178828043552
2480000000,-25.0190691163379
2480000000,-25.0225473021913
2480000000,-25.0280260666545
2480000000,-25.0229060173331
2480000000,-25.0331134211106
2480000000,-25.0320865776117
2480000000,-25.0327923078472
2480000000,-25.0381206767259
2480000000,-25.0399262545263
2480000000,-25.0330958300131
2480000000,-25.041218493426
2480000000,-25.045392852492
2480000000,-25.0459727085504
2480000000,-25.0461381053451
2480000000,-25.0419442255853
2480000000,-25.0283115393384
2480000000,-25.057306360304
2480000000,-25.0515648048148
2480000000,-25.0531170843111
2480000000,-25.0586183294126
2480000000,-25.0624737504963
2480000000,-25.0595505874761
2480000000,-25.0588618926912
2480000000,-25.0620567829493
2480000000,-25.0674329061128
2480000000,-25.0666967376986
2480000000,-25.0626395155789
2480000000,-25.0733788513265
2480000000,-25.0671153901368
2480000000,-25.0662233134423
2480000000,-25.0846940237765
2480000000,-25.0795547392191
2480000000,-25.082201205495
2480000000,-25.0811438976115
2480000000,-25.0850197176311
2480000000,-25.0832357911696
2480000000,-25.087359388117
2480000000,-25.08706811512
2480000000,-25.0868946938647
2480000000,-25.0965730268353
2480000000,-25.0926440407298
2480000000,-25.0929432945605
2480000000,-25.0992634722159
2480000000,-25.1052040347027
2480000000,-25.1167829499487
2480000000,-25.1086991082163
2480000000,-25.1132499138313
2480000000,-25.1025519442466
2480000000,-25.1080767324517
2480000000,-25.1051729941636
2480000000,-25.1168762165046
2480000000,-25.1172476636507
2480000000,-25.119217552031
2480000000,-25.127462788774
2480000000,-25.1269093346804
2480000000,-25.1226911985596
2480000000,-25.1236128115663
2480000000,-25.1328761775501
2480000000,-25.1258719455473
2480000000,-25.1388838181945
2480000000,-25.135772078049
2480000000,-25.1422868452265
2480000000,-25.147384017679
2480000000,-25.1470340362243
2480000000,-25.1503693601987
2480000000,-25.148836653134
2480000000,-25.1554426521667
2480000000,-25.1559049845211
2480000000,-25.1599958363649
2480000000,-25.1578070710527
2480000000,-25.1671010068606
2480000000,-25.1730334304318
2480000000,-25.1733110330766
2480000000,-25.1571335891429
2480000000,-25.1685638011653
2480000000,-25.1805188393764
2480000000,-25.1728627918353
2480000000,-25.1799524680906
2480000000,-25.1858906030061
2480000000,-25.1880635927094
2480000000,-25.1899160201083
2480000000,-25.2000264481658
2480000000,-25.194962345424
2480000000,-25.1944717476166
2480000000,-25.2001459846903
2480000000,-25.2060989336258
2480000000,-25.206863313565
2480000000,-25.2125497373341
2480000000,-25.2063599690647
2480000000,-25.2169446650425
2480000000,-25.2223920990974
2480000000,-25.2265910540201
2480000000,-25.2390470100684
2480000000,-25.2380603660081
2480000000,-25.2346240881081
2480000000,-25.2449864721677
2480000000,-25.2526180634435
2480000000,-25.2522536486122
2480000000,-25.2550354441891
2480000000,-25.2625220271069
2480000000,-25.2602749949504
2480000000,-25.2659537164714
2480000000,-25.2593373544245
2480000000,-25.2719199775821
2480000000,-25.2739963319784
2480000000,-25.2727480732212
2480000000,-25.2814708172003
2480000000,-25.2889147869261
2480000000,-25.275220287995
2480000000,-25.2893032926142
2480000000,-25.3003942726032
2480000000,-25.2966953671668
2480000000,-25.288752041348
2480000000,-25.2984538137825
2480000000,-25.2997824949635
2480000000,-25.3084946702453
2480000000,-25.3040472225678
2480000000,-25.3199635577632
2480000000,-25.320559105368
2480000000,-25.3297393434416
2480000000,-25.3432261398591
2480000000,-25.339739470462
2480000000,-25.3281628787425
2480000000,-25.3494058592522
2480000000,-25.3364881595622
2480000000,-25.3394151353083
2480000000,-25.3402790545171
2480000000,-25.3330324400244
2480000000,-25.358611764426
2480000000,-25.358226769921
2480000000,-25.3559827567893
2480000000,-25.3740768533687
2480000000,-25.3673631429721
2480000000,-25.3753854916361
2480000000,-25.3708356552743
2480000000,-25.3638833224071
2480000000,-25.3838237395168
2480000000,-25.3933810863346
2480000000,-25.3624353449737
2480000000,-25.3858199010986
2480000000,-25.4007305669659
2480000000,-25.404257077872
2480000000,-25.4147898189356
2480000000,-25.4118747769331
2480000000,-25.4125458852674
2480000000,-25.4193927026665
2480000000,-25.421746973405
2480000000,-25.424304193203
2480000000,-25.4224765013196
2480000000,-25.4295063461574
2480000000,-25.4318392777755
2480000000,-25.443052327252
2480000000,-25.4457628608958
2480000000,-25.4532288592924
2480000000,-25.453415955057
2480000000,-25.454525680256
2480000000,-25.4652752060374
2480000000,-25.4726633172859
2480000000,-25.4667951722761
2480000000,-25.4757997495494
2480000000,-25.4727988986697
2480000000,-25.473353909549
2480000000,-25.4779998128104
2480000000,-25.4814249563239
2480000000,-25.4939727292768
2480000000,-25.4978147318939
2480000000,-25.4977755555637
2480000000,-25.5110167179614
2480000000,-25.5016310352189
2480000000,-25.5097332134261
2480000000,-25.4931596323822
2480000000,-25.5049407936822
2480000000,-25.4981519545574
2480000000,-25.4701206222289
2480000000,-25.5081493287985
2480000000,-25.5248610318376
2480000000,-25.5260352989955
2480000000,-25.5401943426501
2480000000,-25.5405027103462
2480000000,-25.542654671478
2480000000,-25.5523740222819
2480000000,-25.5542643204355
2480000000,-25.5512498914448
2480000000,-25.5493560564543
2480000000,-25.5496220310442
2480000000,-25.5270964455747
2480000000,-25.5260830635853
2480000000,-25.5245422463326
2480000000,-25.5243553629686
2480000000,-25.5295856841583
2480000000,-25.5351644610967
2480000000,-25.5389424170534
2480000000,-25.5299814281364
2480000000,-25.5429618488931
2480000000,-25.5405614116746
2480000000,-25.5475537991975
2480000000,-25.593505296721
2480000000,-25.5606134090138
2480000000,-25.5593368479097
2480000000,-25.558975017136
2480000000,-25.5715092151481
2480000000,-25.5654619289584
2480000000,-25.5689816726816
2480000000,-25.5747883097515
2480000000,-25.5703077509046
2480000000,-25.5856246856692
2480000000,-25.5869335975658
2480000000,-25.5871016463837
2480000000,-25.6213574453396
2480000000,-25.6317039981241
2480000000,-25.6332791871733
2480000000,-25.6381703728055
2480000000,-25.6425177728005
2480000000,-25.6601693766043
2480000000,-25.6441798506659
2480000000,-25.6490197834187
2480000000,-25.6555066825018
2480000000,-25.6450881215692
2480000000,-25.6487246556186
2480000000,-25.6603127883627
2480000000,-25.6654667773481
2480000000,-25.6725767359494
2480000000,-25.6695843864652
2480000000,-25.6762907239384
2480000000,-25.6660887023344
2480000000,-25.679788580226
2480000000,-25.6954487009012
2480000000,-25.6784779111532
2480000000,-25.6877221894321
2480000000,-25.6965079844529
2480000000,-25.689655074718
2480000000,-25.6949792152278
2480000000,-25.7032070865542
2480000000,-25.697730330601
2480000000,-25.7037062961063
2480000000,-25.7024672554652
2480000000,-25.7053423976016
2480000000,-25.7109776763033
2480000000,-25.7189586040715
2480000000,-25.7171992784233
2480000000,-25.7049757340774
2480000000,-25.7178318246931
2480000000,-25.7253703676673
2480000000,-25.7254367391878
2480000000,-25.728085129402
2480000000,-25.7146432343509
2480000000,-25.7384720739103
2480000000,-25.7444743073631
2480000000,-25.7376340390126
2480000000,-25.7499529427663
2480000000,-25.742873347749
2480000000,-25.7488752026179
2480000000,-25.7474436924202
2480000000,-25.7467857087036
2480000000,-25.75699792992
2480000000,-25.7699901812927
2480000000,-25.7649752649517
2480000000,-25.764725983551
2480000000,-25.7724633724175
2480000000,-25.7754624412471
2480000000,-25.7610060528919
2480000000,-25.7709843173224
2480000000,-25.7746887774075
2480000000,-25.7769219581944
2480000000,-25.7867549169917
2480000000,-25.7834922769978
2480000000,-25.7989881055654
2480000000,-25.7843389090142
2480000000,-25.7931646128146
2480000000,-25.7940578231401
2480000000,-25.7963705557186
2480000000,-25.8002555861487
2480000000,-25.7932794963674
2480000000,-25.808458172891
2480000000,-25.7946341891749
2480000000,-25.8105144175909
2480000000,-25.8073608791503
2480000000,-25.8200905289941
2480000000,-25.813875886534
2480000000,-25.8097933149987
2480000000,-25.8200254653693
2480000000,-25.8250679003784
2480000000,-25.8217037910422
2480000000,-25.8073342899601
2480000000,-25.8252297090402
2480000000,-25.8289779942744
2480000000,-25.8401311158086
2480000000,-25.8300327458225
2480000000,-25.8240216767769
2480000000,-25.8420257994881
2480000000,-25.8329578531285
2480000000,-25.8536961271267
2480000000,-25.8558822430215
2480000000,-25.8453286447573
2480000000,-25.8570679776263
2480000000,-25.8549624125438
2480000000,-25.8488313216012
2480000000,-25.8661728265914
2480000000,-25.8657415540058
2480000000,-25.8685107862496
2480000000,-25.8804901883849
2480000000,-25.8753963348903
2480000000,-25.8735353342359
2480000000,-25.8750913042517
2480000000,-25.8886226229128
2480000000,-25.8729456799521
2480000000,-25.8848471786627
2480000000,-25.8936176646581
2480000000,-25.8833690450485
2480000000,-25.8892511702823
2480000000,-25.8948796243981
2480000000,-25.8899827071318
2480000000,-25.8802072764243
2480000000,-25.8936520943223
2480000000,-25.9139949862917
2480000000,-25.9157211552664
2480000000,-25.9234205777252
2480000000,-25.9208866649543
2480000000,-25.9139991752047
2480000000,-25.9236950945131
2480000000,-25.9116367850653
2480000000,-25.9311269083874
2480000000,-25.9365878968094
2480000000,-25.9342478624348
2480000000,-25.9364235167921
2480000000,-25.9348287656943
2480000000,-25.9433420848854
2480000000,-25.9466610661677
2480000000,-25.9448666444593
2480000000,-25.9346613937276
2480000000,-25.9445898200676
2480000000,-25.9487204279612
2480000000,-25.9512272681209
2480000000,-25.9584932892044
2480000000,-25.9446455911162
2480000000,-25.9640761821849
2480000000,-25.9604404901535
2480000000,-25.9795308641619
2480000000,-25.9690869704888
2480000000,-25.972776547652
2480000000,-25.9792036922333
2480000000,-25.9778574444619
2480000000,-25.9785446837215
2480000000,-25.9840961191838
2480000000,-25.9849054296821
2480000000,-25.9770143058935
2480000000,-25.9843920401343
2480000000,-25.9974331402184
2480000000,-25.9935228854401
2480000000,-26.00524154254
2480000000,-26.0008859685998
2480000000,-26.0117260054601
2480000000,-25.9917658703928
2480000000,-26.0207564948136
2480000000,-26.0047062392158
2480000000,-26.01891983584
2480000000,-26.0195678957455
2480000000,-26.0259569268342
2480000000,-26.0315113627273
2480000000,-26.030513912454
2480000000,-26.0370438520529
2480000000,-26.0291173495312
2480000000,-26.038672594577
2480000000,-26.0341694218568
2480000000,-26.0485628924576
2480000000,-26.0526169271185
2480000000,-26.0456281786415
2480000000,-26.0657341743883
2480000000,-26.0533789268833
2480000000,-26.0559740166718
2480000000,-26.0577896770555
2480000000,-26.0710352564939
2480000000,-26.0630639262113
2480000000,-26.0772023749171
2480000000,-26.0751466958376
2480000000,-26.079838673929
2480000000,-26.0834762967298
2480000000,-26.0769792642226
2480000000,-26.0926365077714
2480000000,-26.1053513158671
2480000000,-26.0972753565486
2480000000,-26.1024854871202
2480000000,-26.0941876241683
2480000000,-26.1007980419548
2480000000,-26.106722260831
2480000000,-26.0937417017137
2480000000,-26.1143383644255
2480000000,-26.1133975988527
2480000000,-26.1116757641132
2480000000,-26.1233154461039
2480000000,-26.1264566692203
2480000000,-26.1261333711666
2480000000,-26.1298641154887
2480000000,-26.1376990757875
2480000000,-26.1369698459941
2480000000,-26.1235652706052
2480000000,-26.1313942596059
2480000000,-26.1436417101511
2480000000,-26.1514547212471
2480000000,-26.147909408878
2480000000,-26.1367936245306
2480000000,-26.159359433158
2480000000,-26.1447478460685
2480000000,-26.1592343512252
2480000000,-26.154623677531
2480000000,-26.1718111263496
2480000000,-26.1527329633167
2480000000,-26.1648549583737
2480000000,-26.1668064714802
2480000000,-26.1673203187199
2480000000,-26.1809764925706
2480000000,-26.1853349037091
2480000000,-26.1798910257841
2480000000,-26.1828496128554
2480000000,-26.1745724624414
2480000000,-26.1913768506318
2480000000,-26.1851559249035
2480000000,-26.1976084875816
2480000000,-26.1990908652849
2480000000,-26.212526732451
2480000000,-26.2141118085361
2480000000,-26.1610245167252
2480000000,-26.1814362257076
2480000000,-26.2027060895224
2480000000,-26.2048152602516
2480000000,-26.2109817302623
2480000000,-26.2244324023827
2480000000,-26.2193917351893
2480000000,-26.2117545750914
2480000000,-26.2308930997226
2480000000,-26.22688742826
2480000000,-26.2189239973687
2480000000,-26.231038371909
2480000000,-26.2299376428017
2480000000,-26.228696394666
2480000000,-26.2356814886585
2480000000,-26.2380071219788
2480000000,-26.238766707518
2480000000,-26.2378019631296
2480000000,-26.2450024611424
2480000000,-26.2492843147357
2480000000,-26.2515460377165
2480000000,-26.2539781794275
2480000000,-26.2621094646965
2480000000,-26.2549244625864
2480000000,-26.2548116517607
2480000000,-26.2686029293247
2480000000,-26.2509034437804
2480000000,-26.2688851214537
2480000000,-26.2650177213613
2480000000,-26.2643863748929
2480000000,-26.2791018175531
2480000000,-26.2815034183803
2480000000,-26.2892392154896
2480000000,-26.2773657345378
2480000000,-26.2745201904992
2480000000,-26.2867763762085
2480000000,-26.299010356814
2480000000,-26.2995905270954
2480000000,-26.3009161480977
2480000000,-26.3029724685977
2480000000,-26.3019440657076
2480000000,-26.2995511887012
2480000000,-26.3089260734906
2480000000,-26.3047435707374
2480000000,-26.2847907409048
2480000000,-26.3162155581543
2480000000,-26.3200123391189
2480000000,-26.3077804007765
2480000000,-26.3151265862156
2480000000,-26.3274643493716
2480000000,-26.3173057411248
2480000000,-26.3261599842912
2480000000,-26.3359073588699
2480000000,-26.3287194787097
2480000000,-26.3264939427663
2480000000,-26.3379857524901
2480000000,-26.3401091028602
2480000000,-26.3583694406404
2480000000,-26.3485838206509
2480000000,-26.3502606248914
2480000000,-26.3521832262942
2480000000,-26.3528296148759
2480000000,-26.358133286901
2480000000,-26.3605294009174
2480000000,-26.3625541965215
2480000000,-26.3621586411129
2480000000,-26.368412796393
2480000000,-26.358623340703
2480000000,-26.3674701983221
2480000000,-26.3686601314997
2480000000,-26.38166059784
2480000000,-26.3861601069082
2480000000,-26.3885191182522
2480000000,-26.3791438244122
2480000000,-26.3780421595411
2480000000,-26.3848968625983
2480000000,-26.3891627939683
2480000000,-26.4011304533905
2480000000,-26.4037868797489
2480000000,-26.4055213994459
2480000000,-26.4103436081731
2480000000,-26.4188403705311
2480000000,-26.4033796159365
2480000000,-26.4158215802179
2480000000,-26.4216595333736
2480000000,-26.4224455497246
2480000000,-26.4212067047844
2480000000,-26.4336201775576
2480000000,-26.4326954965347
2480000000,-26.4323552535342
2480000000,-26.4455337211483
2480000000,-26.4361183847839
2480000000,-26.454744225283
2480000000,-26.447804911973
2480000000,-26.445659018626
2480000000,-26.455929956968
2480000000,-26.4605044966787
2480000000,-26.4582623475963
2480000000,-26.4696379126862
2480000000,-26.4684604201538
2480000000,-26.4708042991827
2480000000,-26.4749194102069
2480000000,-26.483620225753
2480000000,-26.482774758565
2480000000,-26.4827244931528
2480000000,-26.4816614509308
2480000000,-26.4890532144691
2480000000,-26.4921845878957
2480000000,-26.4983973036988
2480000000,-26.4683365976888
2480000000,-26.5141558390086
2480000000,-26.5018585610521
2480000000,-26.5163339149093
2480000000,-26.5155432677696
2480000000,-26.5060379835879
2480000000,-26.5343979617828
2480000000,-26.5087173604741
2480000000,-26.5259386040703
2480000000,-26.512520915268
2480000000,-26.520176627264
2480000000,-26.5386556334064
2480000000,-26.5283331157331
2480000000,-26.5260628775532
2480000000,-26.555032754955
2480000000,-26.548955993047
2480000000,-26.5455821541875
2480000000,-26.5455432023926
2480000000,-26.566935749856
2480000000,-26.5464450859954
2480000000,-26.5658618868983
2480000000,-26.562133034079
2480000000,-26.5534681994031
2480000000,-26.5611971213004
2480000000,-26.5737832608671
2480000000,-26.5839347446768
2480000000,-26.5703303246287
2480000000,-26.5705612555396
2480000000,-26.5846903532013
2480000000,-26.5811656676427
2480000000,-26.5909476562551
2480000000,-26.5930448714099
2480000000,-26.5982199730417
2480000000,-26.6038351648089
2480000000,-26.5999559354065
2480000000,-26.6087342856064
2480000000,-26.5959207835189
2480000000,-26.6044112012206
2480000000,-26.6105001140997
2480000000,-26.6116014280759
2480000000,-26.6122727275303
2480000000,-26.6186833743078
2480000000,-26.6198801775638
2480000000,-26.619868018655
2480000000,-26.621030411854
2480000000,-26.6254635459693
2480000000,-26.6370779799977
2480000000,-26.6226301900123
2480000000,-26.6316707670211
2480000000,-26.6417672001651
2480000000,-26.6327678497559
2480000000,-26.6459448275993
2480000000,-26.6487426252213
2480000000,-26.6388646723794
2480000000,-26.6582073602678
2480000000,-26.6676118897559
2480000000,-26.6608091298616
2480000000,-26.6624476648677
2480000000,-26.6782722048475
2480000000,-26.6618551886906
2480000000,-26.6734684476476
2480000000,-26.671177043781
2480000000,-26.6719880767487
2480000000,-26.6760061525893
2480000000,-26.6696397259442
2480000000,-26.6854569011899
2480000000,-26.6796708860488
2480000000,-26.6725023638123
2480000000,-26.6813684198988
2480000000,-26.6984168204981
2480000000,-26.695695388098
2480000000,-26.6954415402943
2480000000,-26.6914657681079
2480000000,-26.6941540229621
2480000000,-26.7041630715251
2480000000,-26.6968442999739
2480000000,-26.7086774790621
2480000000,-26.7137803401292
2480000000,-26.685369317407
2480000000,-26.7118086005605
2480000000,-26.7065937973195
2480000000,-26.7185750880863
2480000000,-26.7099016368573
2480000000,-26.7190277609311
2480000000,-26.7237981364065
2480000000,-26.7161155802715
2480000000,-26.719989882783
2480000000,-26.7146652160528
2480000000,-26.7378399648327
2480000000,-26.7347009571464
2480000000,-26.7414654220268
2480000000,-26.73829676327
2480000000,-26.7337608344566
2480000000,-26.7311655184166
2480000000,-26.7413050140847
2480000000,-26.7507108893637
2480000000,-26.7351328950917
2480000000,-26.7521812472046
2480000000,-26.7437513605103
2480000000,-26.7535715739787
2480000000,-26.7443455175006
2480000000,-26.7670610088288
2480000000,-26.7529712234854
2480000000,-26.7671340638261
2480000000,-26.7608370992952
2480000000,-26.7660164589713
2480000000,-26.7699067229172
2480000000,-26.7677182042485
2480000000,-26.7744649866735
2480000000,-26.7862540197326
2480000000,-26.7718605320407
2480000000,-26.7773056014864
2480000000,-26.7765731293388
2480000000,-26.7842733056658
2480000000,-26.7916971944822
2480000000,-26.784209663878
2480000000,-26.7935320420851
2480000000,-26.7981942997137
2480000000,-26.7976450176838
2480000000,-26.7881460748438
2480000000,-26.804406506616
2480000000,-26.8033446253821
2480000000,-26.8025591508227
2480000000,-26.8103074813235
2480000000,-26.8043630195335
2480000000,-26.8206451551139
2480000000,-26.8273786697661
2480000000,-26.8307380520391
2480000000,-26.8207220487263
2480000000,-26.8323748137217
2480000000,-26.8287162377815
2480000000,-26.8349117902348
2480000000,-26.8471777234265
2480000000,-26.83933097343
2480000000,-26.8345195483538
2480000000,-26.8550128312449
2480000000,-26.8330096195918
2480000000,-26.8611886245392
2480000000,-26.8560316286128
2480000000,-26.8543179354539
2480000000,-26.8625957497666
2480000000,-26.8513574995681
2480000000,-26.8658340243458
2480000000,-26.8714993748321
2480000000,-26.8737649760841
2480000000,-26.8823787972361
2480000000,-26.8787079995816
2480000000,-26.8762626103908
2480000000,-26.8670044376016
2480000000,-26.8915670017062
2480000000,-26.8837834533955
2480000000,-26.8867733885887
2480000000,-26.8821151405028
2480000000,-26.9015559371148
2480000000,-26.8961617792986
2480000000,-26.8973369016674
2480000000,-26.9056013840388
2480000000,-26.9168306580568
2480000000,-26.9045691631056
2480000000,-26.9062892106349
2480000000,-26.9113191208486
2480000000,-26.9147991096467
2480000000,-26.9239203045252
2480000000,-26.9216717855652
2480000000,-26.9223250924746
2480000000,-26.9231294682773
2480000000,-26.9363592094217
2480000000,-26.9268008336809
2480000000,-26.9342206361283
2480000000,-26.9236018946661
2480000000,-26.9437428732292
2480000000,-26.9419937772748
2480000000,-26.9358991931643
2480000000,-26.9380785574124
2480000000,-26.9542182594071
2480000000,-26.9451049851834
2480000000,-26.9479503388816
2480000000,-26.9543587423779
2480000000,-26.9539903507553
2480000000,-26.9520705153624
2480000000,-26.9605473345883
2480000000,-26.9779326120889
2480000000,-26.9717514248717
2480000000,-26.9685181375051
2480000000,-26.9670827363543
2480000000,-26.9676911678044
2480000000,-26.9785022399217
2480000000,-26.9812852958394
2480000000,-26.9514295772672
2480000000,-26.9848878148329
2480000000,-26.9807895433737
2480000000,-26.9922708560465
2480000000,-26.9995687042482
2480000000,-26.9911949369982
2480000000,-26.9933889198989
2480000000,-27.0017770631625
2480000000,-27.0111307368899
2480000000,-26.9967182501666
2480000000,-26.9935522320431
2480000000,-27.0051849092283
2480000000,-26.9965337600965
2480000000,-27.0174290426404
2480000000,-26.9997360844358
2480000000,-27.0150558319253
2480000000,-27.0372129870749
2480000000,-27.0143095186492
2480000000,-27.0292767869736
2480000000,-27.0240560915742
2480000000,-27.015880594708
2480000000,-27.037875644323
2480000000,-27.0263162066876
2480000000,-27.0402938505186
2480000000,-27.0276784238432
2480000000,-27.0489460678598
2480000000,-27.059077217289
2480000000,-27.0427587803185
2480000000,-27.0498076992789
2480000000,-27.0393352996557
2480000000,-27.0440858675204
2480000000,-27.0575320394853
2480000000,-27.0618743223015
2480000000,-27.0578954731394
2480000000,-27.0582559981394
2480000000,-27.0661991143251
2480000000,-27.0624820853319
2480000000,-27.0581102563387
2480000000,-27.0709482961194
2480000000,-27.0706952195368
2480000000,-27.0824620429491
2480000000,-27.0775574205052
2480000000,-27.0847349969897
2480000000,-27.0855119409911
2480000000,-27.0905838663809
2480000000,-27.0734680591838
2480000000,-27.0660927516968
2480000000,-27.1027552552105
2480000000,-27.1049978920924
2480000000,-27.1018558201635
2480000000,-27.1103998282067
2480000000,-27.1090171504535
2480000000,-27.1080350246009
2480000000,-27.1027133596236
2480000000,-27.1184912615075
2480000000,-27.1098460005954
2480000000,-27.1080210188572
2480000000,-27.1108423259383
2480000000,-27.1171577814284
2480000000,-27.1161546326635
2480000000,-27.1172389695631
2480000000,-27.1150450331273
2480000000,-27.1113298622992
2480000000,-27.1171729465996
2480000000,-27.11996097006
2480000000,-27.1276175549737
2480000000,-27.1283437712577
2480000000,-27.1263367111687
2480000000,-27.1403869997541
2480000000,-27.1339102178072
2480000000,-27.1475188126344
2480000000,-27.1396464075605
2480000000,-27.1461552647034
2480000000,-27.1513349822855
2480000000,-27.1575642091185
2480000000,-27.1344889771263
2480000000,-27.1358773133873
2480000000,-27.1567081996149
2480000000,-27.1359362336928
2480000000,-27.1544825586974
2480000000,-27.1469007212858
2480000000,-27.1649940341903
2480000000,-27.1564278634832
2480000000,-27.1533400176568
2480000000,-27.145119872421
2480000000,-27.1454074000357
2480000000,-27.1619259501011
2480000000,-27.154576793165
2480000000,-27.1529829845593
2480000000,-27.1628342489324
2480000000,-27.1673116145151
2480000000,-27.1673704821823
2480000000,-27.1601060154627
2480000000,-27.1602984818004
2480000000,-27.1662896804956
2480000000,-27.1759113241492
2480000000,-27.1701465166557
2480000000,-27.1797547210251
2480000000,-27.1709873963361
2480000000,-27.1723609830587
2480000000,-27.1806957491435
2480000000,-27.1693066917217
2480000000,-27.1767834173398
2480000000,-27.1832111677545
2480000000,-27.1780185828854
2480000000,-27.1810992900191
2480000000,-27.1769542926044
2480000000,-27.1841261652833
2480000000,-27.1884586144875
2480000000,-27.1913462213759
2480000000,-27.1761309790424
2480000000,-27.1855033569569
2480000000,-27.1839938252818
2480000000,-27.2026893714612
2480000000,-27.1794836809821
2480000000,-27.1855669249114
2480000000,-27.1811890469305
2480000000,-27.1972340275208
2480000000,-27.1944879428311
2480000000,-27.1959678939449
2480000000,-27.1968998101196
2480000000,-27.1926505290727
2480000000,-27.1973114107941
2480000000,-27.177843814308
2480000000,-27.1908062078196
2480000000,-27.193050136033
2480000000,-27.1819133007587
2480000000,-27.2033363846182
2480000000,-27.2096801904983
2480000000,-27.2153183494132
2480000000,-27.202646116696
2480000000,-27.1964252215958
2480000000,-27.2023740982353
2480000000,-27.1950262542
2480000000,-27.2007417291639
2480000000,-27.1970589463179
2480000000,-27.2027742515642
2480000000,-27.2045379626947
2480000000,-27.2077883379548
2480000000,-27.211466625622
2480000000,-27.2193033816845
2480000000,-27.2139406819884
2480000000,-27.2018609192809
2480000000,-27.2104708078857
2480000000,-27.1967079622496
2480000000,-27.2157003193884
2480000000,-27.2123161496265
2480000000,-27.2073467336458
2480000000,-27.2158677991434
2480000000,-27.2048565679025
2480000000,-27.2171584524961
2480000000,-27.2214774918628
2480000000,-27.2211700268444
2480000000,-27.2127618638025
2480000000,-27.2159354638172
2480000000,-27.2180464190512
2480000000,-27.2224409843697
2480000000,-27.2214844186479
2480000000,-27.2197048813045
2480000000,-27.209190099594
2480000000,-27.2183334160455
2480000000,-27.2192897476356
2480000000,-27.2281343056489
2480000000,-27.2255779788465
2480000000,-27.207879106864
2480000000,-27.2230517302748
2480000000,-27.2243816118483
2480000000,-27.2327746965267
2480000000,-27.2171745108814
2480000000,-27.2387056735849
2480000000,-27.2275586071241
2480000000,-27.230560645108
2480000000,-27.2251540053499
2480000000,-27.2332298638788
2480000000,-27.2402012739719
2480000000,-27.2318178643451
2480000000,-27.231141950994
2480000000,-27.2459036648237
2480000000,-27.2274923720196
2480000000,-27.2292206353666
2480000000,-27.2311320932313
2480000000,-27.2257051815645
2480000000,-27.2292275671391
2480000000,-27.2411800080842
2480000000,-27.2258891060214
2480000000,-27.2223867215064
2480000000,-27.2417221933641
2480000000,-27.2440606491545
2480000000,-27.2371279814445
2480000000,-27.2392028099174
2480000000,-27.2348315968333
2480000000,-27.2374769180997
2480000000,-27.2298833165539
2480000000,-27.2492961025401
2480000000,-27.2386335128484
2480000000,-27.2267491599997
2480000000,-27.2401649400126
2480000000,-27.2461429103084
2480000000,-27.2339430821608
2480000000,-27.2439509346853
2480000000,-27.2464804977938
2480000000,-27.2497369357114
2480000000,-27.2418259080408
2480000000,-27.2489920476001
2480000000,-27.2432386374692
2480000000,-27.2408870270965
2480000000,-27.2565548526541
2480000000,-27.2247328375859
2480000000,-27.2578274899832
2480000000,-27.2325636669833
2480000000,-27.2416536982858
2480000000,-27.2485190392765
2480000000,-27.2524229360957
2480000000,-27.2408054436398
2480000000,-27.2393784818337
2480000000,-27.2403193895558
2480000000,-27.2431820991045
2480000000,-27.2343294632829
2480000000,-27.2577025020219
2480000000,-27.230122182405
2480000000,-27.2465006765873
2480000000,-27.2426861097241
2480000000,-27.2359829427041
2480000000,-27.2410477192961
2480000000,-27.2495057997735
2480000000,-27.2522197093681
2480000000,-27.2530227968971
2480000000,-27.2541693632526
2480000000,-27.241631980888
2480000000,-27.2449190787737
2480000000,-27.2503498991002
2480000000,-27.2803647993542
2480000000,-27.2463668967896
2480000000,-27.250484005363
2480000000,-27.252175397882
2480000000,-27.2552753388254
2480000000,-27.2562114912963
2480000000,-27.2490748632968
2480000000,-27.2561567960638
2480000000,-27.2625974150884
2480000000,-27.2487923563998
2480000000,-27.2570026402564
2480000000,-27.2604328367646
2480000000,-27.2604196354028
2480000000,-27.2653271716379
2480000000,-27.2688643585683
2480000000,-27.2544285069113
2480000000,-27.2673906269672
2480000000,-27.2489898810411
2480000000,-27.2682578221236
2480000000,-27.256782056922
2480000000,-27.2600154973611
2480000000,-27.2722042315026
2480000000,-27.2743135040276
2480000000,-27.2550348113104
2480000000,-27.2647015937802
2480000000,-27.2725634854626
2480000000,-27.2785426262655
2480000000,-27.2655170754376
2480000000,-27.27427923129
2480000000,-27.275721659279
2480000000,-27.2723409881861
2480000000,-27.287989436052
2480000000,-27.2657291596852
2480000000,-27.273509617151
2480000000,-27.2734965443216
2480000000,-27.2796216155605
2480000000,-27.2753225501025
2480000000,-27.2796418409412
2480000000,-27.2924310738974
2480000000,-27.2909452168108
2480000000,-27.2742559127902
2480000000,-27.2871564098149
2480000000,-27.2859829102689
2480000000,-27.3051108874763
2480000000,-27.2924467900966
2480000000,-27.2906710723114
2480000000,-27.3094837948171
2480000000,-27.2967109124518
2480000000,-27.2909539768925
2480000000,-27.315397833929
2480000000,-27.3063595245927
2480000000,-27.2908004346978
2480000000,-27.3153021856281
2480000000,-27.3050618121119
2480000000,-27.3142591095265
2480000000,-27.28595505049
2480000000,-27.320775846799
2480000000,-27.2887211680008
2480000000,-27.3050466693349
2480000000,-27.2892269231893
2480000000,-27.3012101585348
2480000000,-27.3145796040924
2480000000,-27.3154103355585
2480000000,-27.3194239051905
2480000000,-27.3211485811257
2480000000,-27.321745639581
2480000000,-27.3299491091408
2480000000,-27.3292673541753
2480000000,-27.3384460180794
2480000000,-27.3268038485805
2480000000,-27.3524122708515
2480000000,-27.3329152557482
2480000000,-27.3255696773848
2480000000,-27.3229698053911
2480000000,-27.346085715454
2480000000,-27.3382136280594
2480000000,-27.3561504043037
2480000000,-27.3457486970046
2480000000,-27.3444831383999
2480000000,-27.3480338559442
2480000000,-27.3602102562115
2480000000,-27.3400353594362
2480000000,-27.2556150365084
2480000000,-27.3679465837664
2480000000,-27.3641384808851
2480000000,-27.3638063705186
2480000000,-27.3533989833875
2480000000,-27.3645930317726
2480000000,-27.3650679429252
2480000000,-27.3757740672212
2480000000,-27.3704921154381
2480000000,-27.3738720034509
2480000000,-27.3612071541439
2480000000,-27.3659552663593
2480000000,-27.374839128841
2480000000,-27.3757266617705
2480000000,-27.3786540062151
2480000000,-27.3838978856074
2480000000,-27.3742972926286
2480000000,-27.3784807694031
2480000000,-27.3809991074886
2480000000,-27.3893171405151
2480000000,-27.3752188752732
2480000000,-27.3924164299033
2480000000,-27.3966160251214
2480000000,-27.3936096590999
2480000000,-27.3957188013471
2480000000,-27.3875667875037
2480000000,-27.385939140457
2480000000,-27.4136062742421
2480000000,-27.4035301543947
2480000000,-27.4038440456695
2480000000,-27.3943528210453
2480000000,-27.4058902656591
2480000000,-27.4240190365881
2480000000,-27.4069944164067
2480000000,-27.4136132058093
2480000000,-27.4090210524215
2480000000,-27.4255413579867
2480000000,-27.4132355397441
2480000000,-27.4299604322803
2480000000,-27.423187977503
2480000000,-27.4059839174569
2480000000,-27.4202339351592
2480000000,-27.4073495177307
2480000000,-27.4213030795192
2480000000,-27.4203533744093
2480000000,-27.4307185308349
2480000000,-27.4290913932038
2480000000,-27.4372229091376
2480000000,-27.4374316959623
2480000000,-27.4359618771436
2480000000,-27.4297564336648
2480000000,-27.4392745803723
2480000000,-27.4472242645006
2480000000,-27.4503076690754
2480000000,-27.4356546248804
2480000000,-27.4275423920914
2480000000,-27.4355284477631
2480000000,-27.4606184006339
2480000000,-27.4500238961822
2480000000,-27.4504599318339
2480000000,-27.4633577594341
2480000000,-27.4532539573053
2480000000,-27.4522740546128
2480000000,-27.4664863701629
2480000000,-27.4613968451226
2480000000,-27.4511696215843
2480000000,-27.4763225986586
2480000000,-27.472558614649
2480000000,-27.4520964256184
2480000000,-27.4802623441086
2480000000,-27.4830270218602
2480000000,-27.4646139721206
2480000000,-27.4675135245656
2480000000,-27.47767880654
2480000000,-27.4688638797611
2480000000,-27.4853477479838
2480000000,-27.4791311365739
2480000000,-27.4795955111191
2480000000,-27.4803105249765
2480000000,-27.4780799534671
2480000000,-27.4824469774933
2480000000,-27.4938934823043
2480000000,-27.4930384305079
2480000000,-27.478291584369
2480000000,-27.4908672858223
2480000000,-27.4800108373261
2480000000,-27.4986896596803
2480000000,-27.4877234072772
2480000000,-27.5002447000437
2480000000,-27.4987026957894
2480000000,-27.5029323594282
2480000000,-27.5013989161733
2480000000,-27.4944141698139
2480000000,-27.498666376681
2480000000,-27.4968269371464
2480000000,-27.4997070916688
2480000000,-27.5081207493503
2480000000,-27.4907589574051
2480000000,-27.5143007902921
2480000000,-27.5026897781981
2480000000,-27.5171610812156
2480000000,-27.5060273507187
2480000000,-27.5117451603821
2480000000,-27.5134560298041
2480000000,-27.5132869853268
2480000000,-27.5035658128206
2480000000,-27.5138338436771
2480000000,-27.5136861203679
2480000000,-27.5206607111283
2480000000,-27.5188646109264
2480000000,-27.5164230450346
2480000000,-27.5162281189056
2480000000,-27.5209964922805
2480000000,-27.5270192404567
2480000000,-27.5215110839312
2480000000,-27.5292759556456
2480000000,-27.5338546877787
2480000000,-27.5165723107983
2480000000,-27.5327929879637
2480000000,-27.523233641856
2480000000,-27.5355863098401
2480000000,-27.5305335883432
2480000000,-27.5335715984293
2480000000,-27.5427833947242
2480000000,-27.5501353186422
2480000000,-27.539102883973
2480000000,-27.5438650893096
2480000000,-27.525763219345
2480000000,-27.5270884737704
2480000000,-27.5369200343493
2480000000,-27.5357835291897
2480000000,-27.5411206230496
2480000000,-27.5287422263539
2480000000,-27.5446439862613
2480000000,-27.5576257192575
2480000000,-27.5518306862858
2480000000,-27.5347741112818
2480000000,-27.5452925864748
2480000000,-27.5508119284798
2480000000,-27.5574311660211
2480000000,-27.5552706471214
2480000000,-27.552134569462
2480000000,-27.5659502783218
2480000000,-27.5711536834006
2480000000,-27.5678084688274
2480000000,-27.561651090033
2480000000,-27.5505791337597
2480000000,-27.5634850853274
2480000000,-27.5714781025286
2480000000,-27.5487557252901
2480000000,-27.5612688586731
2480000000,-27.5773264701977
2480000000,-27.5617116042415
2480000000,-27.5792016417911
2480000000,-27.5784297958497
2480000000,-27.5701945093501
2480000000,-27.5784863885672
2480000000,-27.5829279055938
2480000000,-27.5767598097118
2480000000,-27.5817919492958
2480000000,-27.5747154151328
2480000000,-27.5870379567513
2480000000,-27.577124580166
2480000000,-27.5963025718692
2480000000,-27.586090876078
2480000000,-27.5985678410772
2480000000,-27.5972840786346
2480000000,-27.6021718415041
2480000000,-27.6081210917472
2480000000,-27.5872525592883
2480000000,-27.6077750432133
2480000000,-27.5898485829499
2480000000,-27.5877477881483
2480000000,-27.5983109857623
2480000000,-27.5893241631716
2480000000,-27.6079610247648
2480000000,-27.6052171422085
2480000000,-27.5999569943603
2480000000,-27.5946813965182
2480000000,-27.6107659061129
2480000000,-27.6067920541082
2480000000,-27.6207954267251
2480000000,-27.6164604497811
2480000000,-27.609630676226
2480000000,-27.6150382642126
2480000000,-27.6192530226516
2480000000,-27.6174934995207
2480000000,-27.6135476703449
2480000000,-27.6275088863776
2480000000,-27.6126284501541
2480000000,-27.6187631493174
2480000000,-27.62906552829
2480000000,-27.6200640712724
2480000000,-27.6159407668712
2480000000,-27.6128328379829
2480000000,-27.6048255043704
2480000000,-27.6342031651186
2480000000,-27.6277132745249
2480000000,-27.6125944337473
2480000000,-27.6292314624821
2480000000,-27.6306505200891
2480000000,-27.6490260915092
2480000000,-27.6199569949019
2480000000,-27.6283003353079
2480000000,-27.6280509176467
2480000000,-27.6211099168203
2480000000,-27.6333277159827
2480000000,-27.63469364507
2480000000,-27.6257540747932
2480000000,-27.6324552077552
2480000000,-27.6369005534525
2480000000,-27.6341005016506
2480000000,-27.6449149817435
2480000000,-27.6404663144953
2480000000,-27.6290529795069
2480000000,-27.6358296247859
2480000000,-27.651262224016
2480000000,-27.6449349243444
2480000000,-27.6448745074801
2480000000,-27.6353005331284
2480000000,-27.6419986460802
2480000000,-27.6472874063196
2480000000,-27.6449493935079
2480000000,-27.6336118759441
2480000000,-27.6434612588232
2480000000,-27.6316830973261
2480000000,-27.6409649068489
2480000000,-27.6379469409314
2480000000,-27.6499429581446
2480000000,-27.6428651756378
2480000000,-27.6434129367643
2480000000,-27.6569754008654
2480000000,-27.6377597871678
2480000000,-27.6445152792361
2480000000,-27.6507440961122
2480000000,-27.6388205836647
2480000000,-27.6445734024911
2480000000,-27.6540639212545
2480000000,-27.6547439567403
2480000000,-27.6506923196914
2480000000,-27.6508215555974
2480000000,-27.6642886650888
2480000000,-27.6447028202162
2480000000,-27.6548621637581
2480000000,-27.6580687250921
2480000000,-27.646441286464
2480000000,-27.644103814377
2480000000,-27.6524424502195
2480000000,-27.6531897194029
2480000000,-27.6678781008583
2480000000,-27.6588433597505
2480000000,-27.6608749424756
2480000000,-27.645070907
2480000000,-27.649162290186
2480000000,-27.6597827576332
2480000000,-27.6576485550142
2480000000,-27.640640039757
2480000000,-27.6449109978659
2480000000,-27.6626835256618
2480000000,-27.6466387159064
2480000000,-27.6560579245853
2480000000,-27.6689479079634
2480000000,-27.6527161474806
2480000000,-27.6564228189101
2480000000,-27.6725893194367
2480000000,-27.6734216031838
2480000000,-27.660390680984
2480000000,-27.6527541351264
2480000000,-27.6578183572768
2480000000,-27.6698399936329
2480000000,-27.6607776910895
2480000000,-27.6711614905528
2480000000,-27.6670712249766
2480000000,-27.6775217972495
2480000000,-27.6756734209985
2480000000,-27.6661842656169
2480000000,-27.6568793821872
2480000000,-27.6641318941496
2480000000,-27.6750334972107
2480000000,-27.6795664664114
2480000000,-27.6842483543059
2480000000,-27.687272997243
2480000000,-27.6824360584194
2480000000,-27.6733419419377
2480000000,-27.6762558907657
2480000000,-27.6669516241662
2480000000,-27.6958420593204
2480000000,-27.6723958185444
2480000000,-27.6878887546905
2480000000,-27.6937296486909
2480000000,-27.6835328600475
2480000000,-27.6728960540524
2480000000,-27.6970747653407
2480000000,-27.6895796700108
2480000000,-27.6851206105922
2480000000,-27.6820509375691
2480000000,-27.6888565119556
2480000000,-27.6998709447168
2480000000,-27.7096038854271
2480000000,-27.6998061002807
2480000000,-27.6962586044196
2480000000,-27.7063604861275
2480000000,-27.6980068737962
2480000000,-27.7010399544383
2480000000,-27.7038140948745
2480000000,-27.7083427088616
2480000000,-27.7080218947512
2480000000,-27.7286156799559
2480000000,-27.7241745572122
2480000000,-27.717998855584
2480000000,-27.7190016098216
2480000000,-27.707685863336
2480000000,-27.7261819368549
2480000000,-27.7165504995192
2480000000,-27.7233266158711
2480000000,-27.7292202643457
2480000000,-27.7169636330636
2480000000,-27.7125507221552
2480000000,-27.7339477707249
2480000000,-27.7258938163159
2480000000,-27.7356962862507
2480000000,-27.7210162522532
2480000000,-27.7214298952477
2480000000,-27.7235532911212
2480000000,-27.7233367342721
2480000000,-27.7298739038161
2480000000,-27.7401924877823
2480000000,-27.7413400650677
2480000000,-27.7345828119652
2480000000,-27.751340961311
2480000000,-27.7349329633136
2480000000,-27.7497012306672
2480000000,-27.7510883220338
2480000000,-27.7467725546888
2480000000,-27.755749929838
2480000000,-27.7624073662976
2480000000,-27.7487593719221
2480000000,-27.7614159022777
2480000000,-27.7549322374411
2480000000,-27.7593965536051
2480000000,-27.7640354393682
2480000000,-27.7626366215996
2480000000,-27.7596233226264
2480000000,-27.7775705451271
2480000000,-27.7889693630851
2480000000,-27.7695244047175
2480000000,-27.7656896889519
2480000000,-27.7751404133436
2480000000,-27.7771852262504
2480000000,-27.7609345001968
2480000000,-27.7679610894598
2480000000,-27.7804555676414
2480000000,-27.7684275961178
2480000000,-27.7681004102542
2480000000,-27.7850941211776
2480000000,-27.785677002605
2480000000,-27.7587558279505
2480000000,-27.778067939227
2480000000,-27.7926986040398
2480000000,-27.7764819661621
2480000000,-27.7964496725888
2480000000,-27.7791848026065
2480000000,-27.7847360337744
2480000000,-27.7912403006594
2480000000,-27.8017723261835
2480000000,-27.7953482548515
2480000000,-27.7884647322655
2480000000,-27.7965533993519
2480000000,-27.8025964024768
2480000000,-27.7933996897358
2480000000,-27.7993186159635
2480000000,-27.7955330977774
2480000000,-27.808936363268
2480000000,-27.7962541380512
2480000000,-27.805706542271
2480000000,-27.8076281051358
2480000000,-27.8020735629475
2480000000,-27.8099141654084
2480000000,-27.805197921679
2480000000,-27.8070856576445
2480000000,-27.8022424898933
2480000000,-27.8170641502051
2480000000,-27.8196078934006
2480000000,-27.8220674796026
2480000000,-27.8246941953773
2480000000,-27.8337001085567
2480000000,-27.8136688002264
2480000000,-27.826046644514
2480000000,-27.8350886133922
2480000000,-27.834153003179
2480000000,-27.819473552262
2480000000,-27.8191586662424
2480000000,-27.8359354677431
2480000000,-27.8258778171956
2480000000,-27.8325885753531
2480000000,-27.8294953677797
2480000000,-27.8443872452516
2480000000,-27.82152633389
2480000000,-27.8222199141003
2480000000,-27.8436936089192
2480000000,-27.8263992955445
2480000000,-27.838253932956
2480000000,-27.8450560536569
2480000000,-27.8528825474727
2480000000,-27.8345289641708
2480000000,-27.8308178410504
2480000000,-27.8356509253728
2480000000,-27.8481731239278
2480000000,-27.8468223065734
2480000000,-27.8595887651085
2480000000,-27.8497272486149
2480000000,-27.8499285651495
2480000000,-27.8683535518334
2480000000,-27.8767402200677
2480000000,-27.8548913077533
2480000000,-27.8571483990767
2480000000,-27.854718078954
2480000000,-27.8576688533004
2480000000,-27.852739881699
2480000000,-27.85356192524
2480000000,-27.8602009759393
2480000000,-27.8556824678416
2480000000,-27.8593372978058
2480000000,-27.8605576319173
2480000000,-27.8709964942337
2480000000,-27.8684969494647
2480000000,-27.8608368609636
2480000000,-27.8668990903185
2480000000,-27.8790276514684
2480000000,-27.8722820341166
2480000000,-27.8706485877108
2480000000,-27.8700249336464
2480000000,-27.8804676757661
2480000000,-27.8789317266292
2480000000,-27.8794002402037
2480000000,-27.8876325808681
2480000000,-27.9006207490763
2480000000,-27.8855625567664
2480000000,-27.8845051389223
2480000000,-27.8792500859393
2480000000,-27.8737685403424
2480000000,-27.893205235449
2480000000,-27.8819828529449
2480000000,-27.8796811655937
2480000000,-27.8880677494372
2480000000,-27.8778581012911
2480000000,-27.8876145022955
2480000000,-27.8998537768185
2480000000,-27.8660643684623
2480000000,-27.8764092323319
2480000000,-27.8902843880211
2480000000,-27.8858842369683
2480000000,-27.8847440328729
2480000000,-27.8814617065786
2480000000,-27.8791120079281
2480000000,-27.8818914987408
2480000000,-27.8764219041765
2480000000,-27.8812915702124
2480000000,-27.8880300222765
2480000000,-27.8964348479748
2480000000,-27.8890000411505
2480000000,-27.8828593402245
2480000000,-27.8875628846951
2480000000,-27.895248648971
2480000000,-27.8820457785883
2480000000,-27.9044169006545
2480000000,-27.897543352943
2480000000,-27.8993511045483
2480000000,-27.8746589893229
2480000000,-27.8843281922585
2480000000,-27.888100821812
2480000000,-27.876007099369
2480000000,-27.9043907706268
2480000000,-27.8930356645852
2480000000,-27.8818734176615
2480000000,-27.8935128007725
2480000000,-27.8775330774017
2480000000,-27.8807080370289
2480000000,-27.8609521730984
2480000000,-27.8969462828257
2480000000,-27.8916313712706
2480000000,-27.8859912234861
2480000000,-27.88965732258
2480000000,-27.8737178354214
2480000000,-27.8961801832752
2480000000,-27.8957868902386
2480000000,-27.8868124276867
2480000000,-27.8823999391457
2480000000,-27.8845482401296
2480000000,-27.8836898326417
2480000000,-27.8870166217056
2480000000,-27.8924903841696
2480000000,-27.8942482311432
2480000000,-27.8804684679865
2480000000,-27.8798861145555
2480000000,-27.8910767729108
2480000000,-27.8791390232789
2480000000,-27.8743064193418
2480000000,-27.8837151146424
2480000000,-27.8776685960119
2480000000,-27.863524396485
2480000000,-27.8837379148836
2480000000,-27.8747909484023
2480000000,-27.8793227323384
2480000000,-27.8797570700295
2480000000,-27.87320981032
2480000000,-27.876131738192
2480000000,-27.8727028000837
2480000000,-27.8839432094928
2480000000,-27.8793017813388
2480000000,-27.8653332970836
2480000000,-27.8719356654284
2480000000,-27.8745900446137
2480000000,-27.8748888999966
2480000000,-27.8814741265013
2480000000,-27.8778630035031
2480000000,-27.8774812245356
2480000000,-27.8780513114354
2480000000,-27.862999087763
2480000000,-27.8782923326751
2480000000,-27.8719948887784
2480000000,-27.8677333650554
2480000000,-27.8654494503481
2480000000,-27.878673724064
2480000000,-27.8737082448319
2480000000,-27.8719561439751
2480000000,-27.871354450857
2480000000,-27.8820692350114
2480000000,-27.8194265066168
2480000000,-27.8197331891854
2480000000,-27.8162932413158
2480000000,-27.8276470786888
2480000000,-27.8169913391596
2480000000,-27.8157530565805
2480000000,-27.8227574659126
2480000000,-27.8201489159342
END
