! FILETYPE CSV
! VERSION 3.0,1
! TIMESTAMP Saturday, 16 November 2024 19:13:34
! TIMEZONE (UTC+08:00) Kuala Lumpur, Singapore
! NAME Keysight Technologies
! MODEL N9914A
! SERIAL MY61272514
! FIRMWARE_VERSION A.12.45
! VF, 1.000
! Media, Coax
! IF_BW, 3000
! Output_Power_Mode, MAN
! Output_Power_Level, 3
! GPS_LATITUDE 
! GPS_LONGITUDE 
! GPS_TIMESTAMP 0001-01-01 00:00:00Z
! GPS_SECS_SINCE_LAST_READ 0
! CHECKSUM 0194531568
! TraceAverageCount, 1
! CORRECTION1 Rdy
! CORR TIMESTAMP1 11/16/2024 5:05:19 PM
! Smoothing, Off
! Mag_Offset, 0 dB
! Phase_Offset, 0 Deg
! Slope, 0 dB/GHz
! Electrical_Delay, 0 s
! DATA Freq,S21
! FREQ UNIT Hz
! DATA UNIT dB
BEGIN
2480000000,-28.7605291015721
2480000000,-28.7634957330951
2480000000,-28.7643859147795
2480000000,-28.7627661058925
2480000000,-28.7750831196228
2480000000,-28.7841744491572
2480000000,-28.7741170035169
2480000000,-28.7688663470256
2480000000,-28.7868404777662
2480000000,-28.7864692541362
2480000000,-28.8026887713146
2480000000,-28.7781396835773
2480000000,-28.8029364746806
2480000000,-28.8146780352601
2480000000,-28.8239181297216
2480000000,-28.8180753487426
2480000000,-28.8374711961927
2480000000,-28.8236125523957
2480000000,-28.8341863821187
2480000000,-28.8207776564698
2480000000,-28.839047159397
2480000000,-28.8359449561809
2480000000,-28.8379174119596
2480000000,-28.8431828924206
2480000000,-28.8354103143518
2480000000,-28.8603601808146
2480000000,-28.8591834418719
2480000000,-28.8527307562079
2480000000,-28.8539304740275
2480000000,-28.8756448569028
2480000000,-28.8580841879813
2480000000,-28.8641738901338
2480000000,-28.8622598010347
2480000000,-28.8736492284648
2480000000,-28.8869071576635
2480000000,-28.8805385424771
2480000000,-28.8914734468676
2480000000,-28.886834338669
2480000000,-28.8708030719136
2480000000,-28.8958319604969
2480000000,-28.8951099152541
2480000000,-28.8977521379385
2480000000,-28.9081312592075
2480000000,-28.9156908420558
2480000000,-28.8871900532127
2480000000,-28.9257539917788
2480000000,-28.9358602404279
2480000000,-28.9094713222196
2480000000,-28.9471786891841
2480000000,-28.9192776241298
2480000000,-28.9272668671071
2480000000,-28.9266991497439
2480000000,-28.9507525593034
2480000000,-28.9496462992295
2480000000,-28.963685755755
2480000000,-28.958799913379
2480000000,-28.9505056855677
2480000000,-28.9506933043381
2480000000,-28.9489125024756
2480000000,-28.9790053433765
2480000000,-28.9670549781564
2480000000,-28.9863444348072
2480000000,-28.9560813609873
2480000000,-28.9798981834269
2480000000,-28.9822210291875
2480000000,-28.9977131336827
2480000000,-28.9900120206473
2480000000,-29.0031602927808
2480000000,-29.0009263325236
2480000000,-29.0010433093008
2480000000,-29.0089954390386
2480000000,-29.0121949028742
2480000000,-29.047072130314
2480000000,-29.0315484314769
2480000000,-29.0378011800579
2480000000,-29.0456693487833
2480000000,-29.0512690640045
2480000000,-29.0624922296294
2480000000,-29.0480435134906
2480000000,-29.0485493455136
2480000000,-29.0555222403093
2480000000,-29.0750398791084
2480000000,-29.0556490858707
2480000000,-29.0627539033734
2480000000,-29.0752339316321
2480000000,-29.0688850753156
2480000000,-29.0809367226407
2480000000,-29.0816906508596
2480000000,-29.1036820074489
2480000000,-29.1095747019638
2480000000,-29.1035526096897
2480000000,-29.1015389517174
2480000000,-29.1248428080422
2480000000,-29.1208917461824
2480000000,-29.1279070772535
2480000000,-29.13263693252
2480000000,-29.14465111181
2480000000,-29.1466974319935
2480000000,-29.1350218932179
2480000000,-29.1548992159399
2480000000,-29.1530724696658
2480000000,-29.1725492770114
2480000000,-29.170323461505
2480000000,-29.1726373678411
2480000000,-29.193355305734
2480000000,-29.205611418176
2480000000,-29.1945023604823
2480000000,-29.2315824342541
2480000000,-29.2075402135369
2480000000,-29.2120029781458
2480000000,-29.2178201918918
2480000000,-29.2047806298367
2480000000,-29.2235829919845
2480000000,-29.2658228241798
2480000000,-29.2408268134945
2480000000,-29.2508725043636
2480000000,-29.2477726784016
2480000000,-29.273767106618
2480000000,-29.266732414641
2480000000,-29.2881784732142
2480000000,-29.2976433080702
2480000000,-29.2914252770104
2480000000,-29.3146026590485
2480000000,-29.3151375937162
2480000000,-29.3042540202833
2480000000,-29.3223595377021
2480000000,-29.322881404527
2480000000,-29.3313434369496
2480000000,-29.3430184735901
2480000000,-29.3364655039769
2480000000,-29.334172395691
2480000000,-29.3426973110251
2480000000,-29.3503380846301
2480000000,-29.3693964228764
2480000000,-29.361824646236
2480000000,-29.3577603900769
2480000000,-29.3910500341925
2480000000,-29.3706973254682
2480000000,-29.3854902524117
2480000000,-29.3948108466269
2480000000,-29.4035566218607
2480000000,-29.4173190987521
2480000000,-29.4262387214478
2480000000,-29.415440155965
2480000000,-29.4379416193006
2480000000,-29.4469173501514
2480000000,-29.4475460231481
2480000000,-29.4497823716646
2480000000,-29.4576718165587
2480000000,-29.4706691218474
2480000000,-29.4774505775485
2480000000,-29.4609318394086
2480000000,-29.4662111838552
2480000000,-29.4971443689696
2480000000,-29.4922180961392
2480000000,-29.4819507333431
2480000000,-29.5144463140453
2480000000,-29.4989515987206
2480000000,-29.503037961817
2480000000,-29.5222409740811
2480000000,-29.5278487260988
2480000000,-29.5318185167329
2480000000,-29.5427296711781
2480000000,-29.5345803143225
2480000000,-29.5490804918655
2480000000,-29.5603444686515
2480000000,-29.5674155298045
2480000000,-29.5800419521703
2480000000,-29.5692825496181
2480000000,-29.5793329230885
2480000000,-29.5860586849077
2480000000,-29.5899772572554
2480000000,-29.5951314193503
2480000000,-29.6045660076211
2480000000,-29.611105769969
2480000000,-29.6370530040997
2480000000,-29.6228978968192
2480000000,-29.6395763497416
2480000000,-29.6433838868837
2480000000,-29.6371040851589
2480000000,-29.6247022707101
2480000000,-29.6412966250861
2480000000,-29.6425370116694
2480000000,-29.6597314645555
2480000000,-29.6690903621347
2480000000,-29.6718377795917
2480000000,-29.6810037180123
2480000000,-29.6787947068209
2480000000,-29.690212932072
2480000000,-29.7011499852378
2480000000,-29.6884363649747
2480000000,-29.6987128559768
2480000000,-29.7069941130599
2480000000,-29.7045053423659
2480000000,-29.7093826593238
2480000000,-29.7107238818656
2480000000,-29.7293354251782
2480000000,-29.7278444994663
2480000000,-29.7313770060822
2480000000,-29.7702538876739
2480000000,-29.7441964566403
2480000000,-29.7594386411723
2480000000,-29.7510069271446
2480000000,-29.7576031273631
2480000000,-29.7572739628153
2480000000,-29.7743391927349
2480000000,-29.7738337649248
2480000000,-29.7632759060721
2480000000,-29.7999430364657
2480000000,-29.787166769464
2480000000,-29.7926625018075
2480000000,-29.8050460509615
2480000000,-29.8055650730998
2480000000,-29.7805506156658
2480000000,-29.7904414977028
2480000000,-29.9022458692216
2480000000,-29.8059584001796
2480000000,-29.8183940183221
2480000000,-29.8290926465939
2480000000,-29.8382325157441
2480000000,-29.8205172333789
2480000000,-29.8407162907125
2480000000,-29.8489643899819
2480000000,-29.849778441123
2480000000,-29.8481248870025
2480000000,-29.8564701566957
2480000000,-29.8470062481309
2480000000,-29.8582672446787
2480000000,-29.8535852653455
2480000000,-29.8523784681912
2480000000,-29.8546570527215
2480000000,-29.8507333043694
2480000000,-29.8828236712336
2480000000,-29.8870019105764
2480000000,-29.8810326611428
2480000000,-29.8725953686639
2480000000,-29.8800980966972
2480000000,-29.8899557180043
2480000000,-29.9026066807416
2480000000,-29.9045192011489
2480000000,-29.9114619676473
2480000000,-29.912278779461
2480000000,-29.912374729334
2480000000,-29.912333195898
2480000000,-29.9291276154022
2480000000,-29.9121010295666
2480000000,-29.9196665174396
2480000000,-29.9319609547029
2480000000,-29.9471191121187
2480000000,-29.9524078923052
2480000000,-29.938401038497
2480000000,-29.9517558971691
2480000000,-29.9532286593364
2480000000,-29.9509142676617
2480000000,-29.9640351826086
2480000000,-29.9707430447716
2480000000,-29.9643329809152
2480000000,-29.981678339082
2480000000,-29.9763737649778
2480000000,-29.9800557074828
2480000000,-30.0006254517984
2480000000,-30.0165328319145
2480000000,-29.9907727288826
2480000000,-29.9847314419418
2480000000,-30.0051005405497
2480000000,-30.0169672670636
2480000000,-30.0168418464812
2480000000,-30.0147470047918
2480000000,-30.0323577832766
2480000000,-30.0349941199775
2480000000,-30.0499384649285
2480000000,-30.0593590197898
2480000000,-30.0462895407132
2480000000,-30.075256870202
2480000000,-30.0809126027562
2480000000,-30.084154648296
2480000000,-30.0811484070974
2480000000,-30.0843049995643
2480000000,-30.0964411577498
2480000000,-30.0820963070636
2480000000,-30.0799453260813
2480000000,-30.0895907528577
2480000000,-30.1042948081006
2480000000,-30.1205929046423
2480000000,-30.1116047380419
2480000000,-30.1474649072641
2480000000,-30.1130877357455
2480000000,-30.1237660090908
2480000000,-30.1362318402999
2480000000,-30.1526605513947
2480000000,-30.1577136094863
2480000000,-30.1554154181001
2480000000,-30.1629367064083
2480000000,-30.1679894052552
2480000000,-30.1592440404214
2480000000,-30.1898922994933
2480000000,-30.1972935495247
2480000000,-30.2007533773808
2480000000,-30.1938933806067
2480000000,-30.2006462346597
2480000000,-30.2039363111176
2480000000,-30.2188316577885
2480000000,-30.3235321271564
2480000000,-30.2496094185431
2480000000,-30.2382460364875
2480000000,-30.2213749151784
2480000000,-30.2289775962034
2480000000,-30.2438555112161
2480000000,-30.2361103156476
2480000000,-30.2382988301758
2480000000,-30.2641320238417
2480000000,-30.2586194933815
2480000000,-30.2647454782464
2480000000,-30.281450390287
2480000000,-30.2633179468488
2480000000,-30.2928870295246
2480000000,-30.2924481289566
2480000000,-30.2833045655321
2480000000,-30.2983776090142
2480000000,-30.3188350746821
2480000000,-30.3135277228395
2480000000,-30.3296297049306
2480000000,-30.3385902930951
2480000000,-30.3507580722452
2480000000,-30.329608220375
2480000000,-30.3199521579939
2480000000,-30.3538370013773
2480000000,-30.3426289943949
2480000000,-30.3553799371845
2480000000,-30.3728919287896
2480000000,-30.3497506332864
2480000000,-30.3781887883599
2480000000,-30.3799587028747
2480000000,-30.381840622316
2480000000,-30.383127473492
2480000000,-30.3861884319385
2480000000,-30.3977076693832
2480000000,-30.4006211801987
2480000000,-30.4057466928921
2480000000,-30.4143023309539
2480000000,-30.4233113479726
2480000000,-30.4242887171921
2480000000,-30.4637763040325
2480000000,-30.4391473838077
2480000000,-30.4409823651855
2480000000,-30.4586161364384
2480000000,-30.4598938961591
2480000000,-30.4702786033782
2480000000,-30.458600888722
2480000000,-30.4795055360187
2480000000,-30.4829561365842
2480000000,-30.4758514725814
2480000000,-30.4846535127242
2480000000,-30.4762357576984
2480000000,-30.4962462059382
2480000000,-30.4905157592975
2480000000,-30.4976218334281
2480000000,-30.5282452657559
2480000000,-30.5068052598986
2480000000,-30.512869436963
2480000000,-30.5275666227333
2480000000,-30.5302823771509
2480000000,-30.5365367306216
2480000000,-30.5312103793001
2480000000,-30.5577711594797
2480000000,-30.5423163113269
2480000000,-30.5462369516479
2480000000,-30.5768499449631
2480000000,-30.5502405868705
2480000000,-30.550437628875
2480000000,-30.561902699832
2480000000,-30.5795242598614
2480000000,-30.5864987258193
2480000000,-30.5763477542466
2480000000,-30.5727896457062
2480000000,-30.5872198600085
2480000000,-30.5934913562075
2480000000,-30.5960909362904
2480000000,-30.6165009549844
2480000000,-30.5861246511589
2480000000,-30.6089759476329
2480000000,-30.61007952911
2480000000,-30.6096789856147
2480000000,-30.6138898687835
2480000000,-30.6121075260255
2480000000,-30.6250880104771
2480000000,-30.6459913899042
2480000000,-30.6525232484409
2480000000,-30.6554312002826
2480000000,-30.6364553764325
2480000000,-30.6343684283547
2480000000,-30.6586532445581
2480000000,-30.6732316583034
2480000000,-30.6657092979834
2480000000,-30.668904139376
2480000000,-30.6645791827019
2480000000,-30.6762849488407
2480000000,-30.6756428000822
2480000000,-30.7006349182618
2480000000,-30.6958025903749
2480000000,-30.6845131588986
2480000000,-30.7030237568255
2480000000,-30.7044411956726
2480000000,-30.6808902025367
2480000000,-30.7220415650853
2480000000,-30.7164969099931
2480000000,-30.7181750869947
2480000000,-30.721388857339
2480000000,-30.7153786984655
2480000000,-30.7377297354342
2480000000,-30.7280795902714
2480000000,-30.7308178703994
2480000000,-30.7341375326506
2480000000,-30.7429436366364
2480000000,-30.7582791355498
2480000000,-30.7632621142036
2480000000,-30.750038599522
2480000000,-30.7642783829284
2480000000,-30.7850579418317
2480000000,-30.7805039563705
2480000000,-30.797400877337
2480000000,-30.778899695943
2480000000,-30.7555753399343
2480000000,-30.7702765253899
2480000000,-30.7948619702797
2480000000,-30.8096456933997
2480000000,-30.808210939064
2480000000,-30.8033790381163
2480000000,-30.8047575299675
2480000000,-30.8480034550727
2480000000,-30.8256668167712
2480000000,-30.8212053773943
2480000000,-30.842823686092
2480000000,-30.8616694969765
2480000000,-30.8402651227874
2480000000,-30.8520827726139
2480000000,-30.8608489763046
2480000000,-30.8514683307346
2480000000,-30.8834801179947
2480000000,-30.8590491703957
2480000000,-30.877161573728
2480000000,-30.8999247832589
2480000000,-30.9012616370253
2480000000,-30.8787910307086
2480000000,-30.8832960651908
2480000000,-30.8900355127228
2480000000,-30.8992290215811
2480000000,-30.9066695972729
2480000000,-30.9028787338282
2480000000,-30.9106590853733
2480000000,-30.914616319435
2480000000,-30.9374200346664
2480000000,-30.9305471906782
2480000000,-30.9348562233739
2480000000,-30.9264426126297
2480000000,-30.9241112467364
2480000000,-30.9203720692948
2480000000,-30.9436470673521
2480000000,-30.9532373842428
2480000000,-30.9458080474697
2480000000,-30.9723908916009
2480000000,-30.9592964787975
2480000000,-30.9683513030517
2480000000,-30.9841956638881
2480000000,-30.9608586411148
2480000000,-30.9909723547823
2480000000,-30.9905285295011
2480000000,-30.9886426659826
2480000000,-30.9936520947873
2480000000,-30.9606354141231
2480000000,-30.9704804600642
2480000000,-30.9888828060224
2480000000,-31.0137831559201
2480000000,-31.0077148708126
2480000000,-31.0139202642921
2480000000,-31.0011504607424
2480000000,-31.0158567382046
2480000000,-31.0166354617994
2480000000,-31.0111096978983
2480000000,-31.0164650673419
2480000000,-31.0268819833068
2480000000,-31.0527391217272
2480000000,-31.0171729537643
2480000000,-31.0482086615159
2480000000,-31.0185499039776
2480000000,-31.0423944924754
2480000000,-31.0587631863134
2480000000,-31.0652275482092
2480000000,-31.0587344932233
2480000000,-31.0647916152286
2480000000,-31.0500318767343
2480000000,-31.0566345482418
2480000000,-31.0514193779938
2480000000,-31.0840933387793
2480000000,-31.0693065257338
2480000000,-31.0668527281787
2480000000,-31.1048136457926
2480000000,-31.0787052424021
2480000000,-31.0996368339282
2480000000,-31.0865770869524
2480000000,-31.1020921797031
2480000000,-31.0851349068928
2480000000,-31.1067270387506
2480000000,-31.0994975351011
2480000000,-31.0971318905912
2480000000,-31.1002710339411
2480000000,-31.1159050856992
2480000000,-31.1363955770747
2480000000,-31.1420600957515
2480000000,-31.1194194869463
2480000000,-31.1317242220942
2480000000,-31.1329523600081
2480000000,-31.1340246555407
2480000000,-31.1357057983482
2480000000,-31.143081254684
2480000000,-31.1516238343233
2480000000,-31.1379479180625
2480000000,-31.1803479698242
2480000000,-31.1698469596944
2480000000,-31.173886122754
2480000000,-31.1870663878017
2480000000,-31.1673643832966
2480000000,-31.1663945465545
2480000000,-31.1574505030344
2480000000,-31.1826565130728
2480000000,-31.1670776687015
2480000000,-31.1591625417244
2480000000,-31.1774065992367
2480000000,-31.2075709766663
2480000000,-31.1950046052716
2480000000,-31.2007180516221
2480000000,-31.1979984732773
2480000000,-31.1915512838151
2480000000,-31.1817630620732
2480000000,-31.2014589808
2480000000,-31.2109173341549
2480000000,-31.2199324235844
2480000000,-31.2123236300311
2480000000,-31.2393048295567
2480000000,-31.2088826860136
2480000000,-31.2106172319665
2480000000,-31.2264171011516
2480000000,-31.2370925527029
2480000000,-31.2252320173829
2480000000,-31.2312753180483
2480000000,-31.2403071476408
2480000000,-31.2417867479074
2480000000,-31.2573264698016
2480000000,-31.2290505267438
2480000000,-31.2558010391529
2480000000,-31.2557701476593
2480000000,-31.2401370349018
2480000000,-31.2467444097525
2480000000,-31.2546571018951
2480000000,-31.248386169807
2480000000,-31.2687495544938
2480000000,-31.2607528961497
2480000000,-31.2712294784908
2480000000,-31.2798690581769
2480000000,-31.2901419271727
2480000000,-31.2673935811735
2480000000,-31.286626203201
2480000000,-31.2804321724035
2480000000,-31.2973919961994
2480000000,-31.2943588203727
2480000000,-31.2890172368804
2480000000,-31.2888891468713
2480000000,-31.2850206014185
2480000000,-31.3183896834255
2480000000,-31.2958935294066
2480000000,-31.3088801961729
2480000000,-31.308363321866
2480000000,-31.3187096338358
2480000000,-31.3353828547332
2480000000,-31.3262254847212
2480000000,-31.324350279106
2480000000,-31.3055194641974
2480000000,-31.3223467903624
2480000000,-31.3146351674305
2480000000,-31.3503454876417
2480000000,-31.3446509319663
2480000000,-31.3461302586989
2480000000,-31.3365675972912
2480000000,-31.3435472655151
2480000000,-31.356504848755
2480000000,-31.3622935031014
2480000000,-31.3884676280193
2480000000,-31.3500626627084
2480000000,-31.3698434845192
2480000000,-31.3788838597034
2480000000,-31.3853182821003
2480000000,-31.380552204799
2480000000,-31.3783277615223
2480000000,-31.385332964917
2480000000,-31.401418052611
2480000000,-31.3785007961598
2480000000,-31.382771480747
2480000000,-31.374284652276
2480000000,-31.4554512058693
2480000000,-31.3756602824562
2480000000,-31.4272514684866
2480000000,-31.3921903472255
2480000000,-31.3962439849403
2480000000,-31.4101421285709
2480000000,-31.4204444026793
2480000000,-31.4221620004964
2480000000,-31.4073683282429
2480000000,-31.4145948332982
2480000000,-31.4400564555211
2480000000,-31.4292202440668
2480000000,-31.4212448785391
2480000000,-31.4352271409389
2480000000,-31.4261158239558
2480000000,-31.4346548264564
2480000000,-31.4473463878453
2480000000,-31.4374731197389
2480000000,-31.4543219841641
2480000000,-31.4590681399901
2480000000,-31.4702211546786
2480000000,-31.4349661226789
2480000000,-31.448057420981
2480000000,-31.4627259807007
2480000000,-31.4494129521735
2480000000,-31.4583202424625
2480000000,-31.4562283428664
2480000000,-31.4828149436688
2480000000,-31.4674674975628
2480000000,-31.4846045035925
2480000000,-31.461133141236
2480000000,-31.4990490842191
2480000000,-31.5066122371925
2480000000,-31.5025124916625
2480000000,-31.5028092325554
2480000000,-31.4772975652462
2480000000,-31.4809521004529
2480000000,-31.4990985636359
2480000000,-31.5217690755665
2480000000,-31.5047293713859
2480000000,-31.5095632171412
2480000000,-31.5311906384235
2480000000,-31.5138047043803
2480000000,-31.5148479854901
2480000000,-31.5196338105062
2480000000,-31.5214841586386
2480000000,-31.5144356477561
2480000000,-31.5326944113768
2480000000,-31.5126061406465
2480000000,-31.517836124458
2480000000,-31.5109898609514
2480000000,-31.5211574982868
2480000000,-31.5240399429487
2480000000,-31.5297139193997
2480000000,-31.5142505245443
2480000000,-31.5111225604074
2480000000,-31.5487686931678
2480000000,-31.5529182742574
2480000000,-31.522086906272
2480000000,-31.5624850788452
2480000000,-31.5565685439689
2480000000,-31.5426004709473
2480000000,-31.5401400909209
2480000000,-31.5549271649927
2480000000,-31.5301705109365
2480000000,-31.5480876950512
2480000000,-31.5553617091836
2480000000,-31.5436265870655
2480000000,-31.548444892327
2480000000,-31.5553125830646
2480000000,-31.5669574649931
2480000000,-31.5429226416693
2480000000,-31.5794727717935
2480000000,-31.5550102090928
2480000000,-31.5682691550831
2480000000,-31.5351345952163
2480000000,-31.5729517274921
2480000000,-31.5506898091868
2480000000,-31.5716860119841
2480000000,-31.5719103654245
2480000000,-31.5616233314543
2480000000,-31.5650198276733
2480000000,-31.5580992735194
2480000000,-31.583212174213
2480000000,-31.587905057855
2480000000,-31.5787256271967
2480000000,-31.5660805947114
2480000000,-31.5731863894545
2480000000,-31.5829084553815
2480000000,-31.5749492905178
2480000000,-31.5850016937955
2480000000,-31.5847699623846
2480000000,-31.5876580634635
2480000000,-31.5657717581332
2480000000,-31.5812541553612
2480000000,-31.5785650401138
2480000000,-31.5888338449415
2480000000,-31.5717711406621
2480000000,-31.5696492898814
2480000000,-31.6971342392006
2480000000,-31.5812761377491
2480000000,-31.6017054558617
2480000000,-31.6122797290083
2480000000,-31.5936917073371
2480000000,-31.6225054138109
2480000000,-31.6095567554303
2480000000,-31.6140495735745
2480000000,-31.6094552196806
2480000000,-31.5950650312585
2480000000,-31.6257301903313
2480000000,-31.6375519874983
2480000000,-31.6353090658921
2480000000,-31.6280981837173
2480000000,-31.5955843467613
2480000000,-31.621564166867
2480000000,-31.6260372531421
2480000000,-31.6378222058578
2480000000,-31.6389935322404
2480000000,-31.6589784093412
2480000000,-31.6373365993883
2480000000,-31.646165951914
2480000000,-31.6579662309079
2480000000,-31.6439995085894
2480000000,-31.6363367948998
2480000000,-31.641463900739
2480000000,-31.6435627379178
2480000000,-31.6426198029437
2480000000,-31.6321728577474
2480000000,-31.6459487569234
2480000000,-31.6565099256135
2480000000,-31.6461482559625
2480000000,-31.6476620198023
2480000000,-31.6732065641961
2480000000,-31.6588965104085
2480000000,-31.6878672668095
2480000000,-31.6862392908985
2480000000,-31.6740525678489
2480000000,-31.6759053776055
2480000000,-31.6905560046464
2480000000,-31.6763939174042
2480000000,-31.6903581845389
2480000000,-31.6601437049336
2480000000,-31.6771144264463
2480000000,-31.7006115297021
2480000000,-31.6833150611912
2480000000,-31.7076144174086
2480000000,-31.7020468847502
2480000000,-31.7027767070899
2480000000,-31.7213902786707
2480000000,-31.687187260424
2480000000,-31.6883154879162
2480000000,-31.7099600654331
2480000000,-31.7173312701581
2480000000,-31.7124532583749
2480000000,-31.7046691591133
2480000000,-31.7011666903631
2480000000,-31.7156564059827
2480000000,-31.7032419098715
2480000000,-31.7341242309442
2480000000,-31.728142042132
2480000000,-31.7266271088937
2480000000,-31.7142741577223
2480000000,-31.7329962608869
2480000000,-31.7513542678473
2480000000,-31.828179980102
2480000000,-31.7365657297887
2480000000,-31.7305756866028
2480000000,-31.7322519990521
2480000000,-31.7492575695107
2480000000,-31.7411841552344
2480000000,-31.7220157551307
2480000000,-31.741275291136
2480000000,-31.73964840241
2480000000,-31.7377621982094
2480000000,-31.7497317924026
2480000000,-31.7321358662757
2480000000,-31.7403688023349
2480000000,-31.755943381357
2480000000,-31.7443256597302
2480000000,-31.7464894256586
2480000000,-31.7553824593971
2480000000,-31.7476129731379
2480000000,-31.732697503202
2480000000,-31.7541827381651
2480000000,-31.7619565815133
2480000000,-31.7691250602576
2480000000,-31.7555389132322
2480000000,-31.7812633071893
2480000000,-31.7699028966272
2480000000,-31.7703243077482
2480000000,-31.782386581289
2480000000,-31.7811519093228
2480000000,-31.7531743685962
2480000000,-31.7513230465438
2480000000,-31.7679791192142
2480000000,-31.7686593676166
2480000000,-31.7601070029704
2480000000,-31.779953690378
2480000000,-31.7769553824942
2480000000,-31.7684737834355
2480000000,-31.786121281137
2480000000,-31.7865629964884
2480000000,-31.7998757245741
2480000000,-31.7866810576908
2480000000,-31.7945341957589
2480000000,-31.7767356379678
2480000000,-31.8028206562625
2480000000,-31.7834580859564
2480000000,-31.7482975427173
2480000000,-31.8005440393817
2480000000,-31.8022640825594
2480000000,-31.818808337819
2480000000,-31.7971295623488
2480000000,-31.8346520321781
2480000000,-31.7930086579773
2480000000,-31.8164437104883
2480000000,-31.8222418624902
2480000000,-31.8275566371292
2480000000,-31.805239567944
2480000000,-31.8526307358001
2480000000,-31.8278019436178
2480000000,-31.8234306144331
2480000000,-31.804491529881
2480000000,-31.8260003441841
2480000000,-31.8333266395283
2480000000,-31.8252170648652
2480000000,-31.8239124015351
2480000000,-31.8409152665564
2480000000,-31.8381911945124
2480000000,-31.8238194132323
2480000000,-31.8398359582063
2480000000,-31.8325647697832
2480000000,-31.8589187358753
2480000000,-31.8253207488371
2480000000,-31.8545211295968
2480000000,-31.8280848879838
2480000000,-31.8431113081229
2480000000,-31.8511982696613
2480000000,-31.8611868676428
2480000000,-31.8525640866739
2480000000,-31.8521918235721
2480000000,-31.8582046168484
2480000000,-31.8736690260418
2480000000,-31.8492828478239
2480000000,-31.865234192224
2480000000,-31.8754741873575
2480000000,-31.8473435732328
2480000000,-31.8646194815491
2480000000,-31.8546002294948
2480000000,-31.8759135388536
2480000000,-31.8721628997516
2480000000,-31.8904847608234
2480000000,-31.8743220528367
2480000000,-31.8654430070294
2480000000,-31.883734551236
2480000000,-31.8951301639523
2480000000,-31.8733628444722
2480000000,-31.893092069865
2480000000,-31.8864448826581
2480000000,-31.8773625970026
2480000000,-31.9026480738265
2480000000,-31.888922073211
2480000000,-31.8897383677066
2480000000,-31.8827056207772
2480000000,-31.8881020148423
2480000000,-31.8972018334364
2480000000,-31.8994408248965
2480000000,-31.9074628806428
2480000000,-31.9146684426487
2480000000,-31.9221765989863
2480000000,-31.8806387592012
2480000000,-31.9114599974099
2480000000,-31.925076285779
2480000000,-31.9255450725184
2480000000,-31.9133094034515
2480000000,-31.929844362389
2480000000,-31.9064339396902
2480000000,-31.9345617843697
2480000000,-31.9172157013939
2480000000,-31.9377247019996
2480000000,-31.9062162810396
2480000000,-31.9343916668915
2480000000,-31.9180062460757
2480000000,-31.927090808779
2480000000,-31.9401953409761
2480000000,-31.9115471416615
2480000000,-31.9349629898693
2480000000,-31.9554431126217
2480000000,-31.9293663886247
2480000000,-31.9577520649139
2480000000,-31.9465502088699
2480000000,-31.9524058415835
2480000000,-31.9717358687033
2480000000,-31.9470484492512
2480000000,-31.9532371441606
2480000000,-31.9499079433978
2480000000,-31.9473606028886
2480000000,-31.9604580675672
2480000000,-31.9708865495047
2480000000,-31.8836849655876
2480000000,-31.9553275177439
2480000000,-31.9782164447868
2480000000,-31.9642491436504
2480000000,-31.9648852937066
2480000000,-31.9589914732557
2480000000,-31.9624686385864
2480000000,-31.9684279274399
2480000000,-31.980094250507
2480000000,-31.9898871579544
2480000000,-31.9552944238249
2480000000,-31.9810969577254
2480000000,-31.9970700988791
2480000000,-31.968559267023
2480000000,-31.9887931220984
2480000000,-32.0024660665945
2480000000,-31.9857495308807
2480000000,-31.9923576270821
2480000000,-32.0170164735152
2480000000,-32.0037136268503
2480000000,-32.0212430295659
2480000000,-31.9976162087541
2480000000,-32.0001202881655
2480000000,-31.9969816582997
2480000000,-32.0078501197753
2480000000,-32.0145600206408
2480000000,-32.0195572046824
2480000000,-31.9823714507635
2480000000,-32.0139083762264
2480000000,-32.0020694423134
2480000000,-32.0116289819399
2480000000,-32.0197531059786
2480000000,-32.0097178570755
2480000000,-32.0137171518303
2480000000,-32.0285034725082
2480000000,-32.010817114961
2480000000,-32.0323990550288
2480000000,-32.0466169906537
2480000000,-32.0331753361779
2480000000,-32.0544798081752
2480000000,-32.0291588074483
2480000000,-32.0353891966
2480000000,-32.0265367568863
2480000000,-32.044920793107
2480000000,-32.0342354842593
2480000000,-32.0681122373893
2480000000,-32.061078570161
2480000000,-32.0369250442981
2480000000,-32.0545675724787
2480000000,-32.0714262705496
2480000000,-32.0618166142997
2480000000,-32.0684100772602
2480000000,-32.0496097142823
2480000000,-32.0596793766055
2480000000,-32.0460665261385
2480000000,-32.0617955591976
2480000000,-32.0606876461603
2480000000,-32.0693760240062
2480000000,-32.1030902778814
2480000000,-32.0579152060668
2480000000,-32.0901177171531
2480000000,-32.0533341948898
2480000000,-32.0557333186026
2480000000,-32.0887145809598
2480000000,-32.0773151343175
2480000000,-32.0595398722008
2480000000,-32.0907723259672
2480000000,-32.0627060186547
2480000000,-32.093308106486
2480000000,-32.0854620879058
2480000000,-32.0801155124262
2480000000,-32.0559077981068
2480000000,-32.0908339157907
2480000000,-32.0783333403582
2480000000,-32.0683225951793
2480000000,-32.0900977213656
2480000000,-32.0879069812903
2480000000,-32.0928127158279
2480000000,-32.1041655383576
2480000000,-32.0969261727786
2480000000,-32.0820244871495
2480000000,-32.1031912063833
2480000000,-32.0729166688277
2480000000,-32.1042587141627
2480000000,-32.1079523895339
2480000000,-32.0844064810588
2480000000,-32.1006333229288
2480000000,-32.1046934484686
2480000000,-32.105528896451
2480000000,-32.1043241639122
2480000000,-32.1216141217072
2480000000,-32.1050450132327
2480000000,-32.0904774949891
2480000000,-32.092959513772
2480000000,-32.1269172601097
2480000000,-32.1138967209051
2480000000,-32.0552874476088
2480000000,-32.1156325275741
2480000000,-32.1503470016764
2480000000,-32.1220081081572
2480000000,-32.140443892194
2480000000,-32.130535857184
2480000000,-32.1289992010239
2480000000,-32.1182707168361
2480000000,-32.1361299253285
2480000000,-32.1194784329593
2480000000,-32.1251045919577
2480000000,-32.1423845567125
2480000000,-32.1576954860847
2480000000,-32.142859068931
2480000000,-32.1568824960434
2480000000,-32.1759972731406
2480000000,-32.1509578768879
2480000000,-32.1522325668318
2480000000,-32.1400376282112
2480000000,-32.1359545499644
2480000000,-32.1649657097434
2480000000,-32.1395660795206
2480000000,-32.1622109832212
2480000000,-32.168281633836
2480000000,-32.1612942039102
2480000000,-32.1648985173689
2480000000,-32.1446842656418
2480000000,-32.1718202024836
2480000000,-32.1588912850075
2480000000,-32.1934752177589
2480000000,-32.17887203616
2480000000,-32.1797909710229
2480000000,-32.1971988980502
2480000000,-32.2040469385507
2480000000,-32.1964277078063
2480000000,-32.1936232933203
2480000000,-32.2111445007013
2480000000,-32.1803846536017
2480000000,-32.2088396996767
2480000000,-32.2104866955467
2480000000,-32.2138699106368
2480000000,-32.2095192962939
2480000000,-32.1646681871778
2480000000,-32.2115563872583
2480000000,-32.1851404664051
2480000000,-32.2212436752018
2480000000,-32.2151816596344
2480000000,-32.2313156729725
2480000000,-32.2515074472826
2480000000,-32.2016461892075
2480000000,-32.2420675103996
2480000000,-32.2419642019494
2480000000,-32.2258623106915
2480000000,-32.2087795807372
2480000000,-32.2255232371298
2480000000,-32.1900257019876
2480000000,-32.2316641724604
2480000000,-32.2162361397692
2480000000,-32.2331052706275
2480000000,-32.2447824792297
2480000000,-32.2087379031739
2480000000,-32.2108033615894
2480000000,-32.2502649989047
2480000000,-32.225791471942
2480000000,-32.232972053173
2480000000,-32.2610385437645
2480000000,-32.24307146861
2480000000,-32.268877666419
2480000000,-32.2494992651495
2480000000,-32.2543480839352
2480000000,-32.2595618241695
2480000000,-32.2326092761858
2480000000,-32.2706794687303
2480000000,-32.2389206270276
2480000000,-32.251205364646
2480000000,-32.2533859664043
2480000000,-32.2586615475102
2480000000,-32.262598466195
2480000000,-32.2999619160043
2480000000,-32.2804135405776
2480000000,-32.2643760944565
2480000000,-32.2756296950387
2480000000,-32.2873529552167
2480000000,-32.2936302188507
2480000000,-32.2609910291688
2480000000,-32.2802278797783
2480000000,-32.2857771708402
2480000000,-32.2582844504494
2480000000,-32.2609662419239
2480000000,-32.2582413331632
2480000000,-32.2789281201452
2480000000,-32.2881770685878
2480000000,-32.2969946621759
2480000000,-32.2792289098133
2480000000,-32.2998240889433
2480000000,-32.2710370689482
2480000000,-32.2765288046048
2480000000,-32.2949745400835
2480000000,-32.2986347562037
2480000000,-32.2811311550845
2480000000,-32.2700356530222
2480000000,-32.3131124459115
2480000000,-32.2878825933853
2480000000,-32.305336014382
2480000000,-32.3079682066477
2480000000,-32.2961454498809
2480000000,-32.2841043749227
2480000000,-32.294496706833
2480000000,-32.275100789426
2480000000,-32.3021916494748
2480000000,-32.2994641423568
2480000000,-32.2888169305781
2480000000,-32.2908126239739
2480000000,-32.2964610349574
2480000000,-32.2948021956359
2480000000,-32.3004607997928
2480000000,-32.273880418192
2480000000,-32.2984960796003
2480000000,-32.3016917860147
2480000000,-32.2711261140791
2480000000,-32.301908935094
2480000000,-32.2961348661848
2480000000,-32.3062241271291
2480000000,-32.3064699538488
2480000000,-32.29978785588
2480000000,-32.3000985084815
2480000000,-32.3015252575143
2480000000,-32.3237392412843
2480000000,-32.3221843803141
2480000000,-32.3096354151437
2480000000,-32.3136102825339
2480000000,-32.323479539113
2480000000,-32.2771452472157
2480000000,-32.3286134905848
2480000000,-32.3088777686452
2480000000,-32.3331686547414
2480000000,-32.333464734434
2480000000,-32.2995639690261
2480000000,-32.3210856081964
2480000000,-32.3236085549277
2480000000,-32.3015001276277
2480000000,-32.3253726265292
2480000000,-32.3143340783594
2480000000,-32.3143448735595
2480000000,-32.2924232763864
2480000000,-32.3250842534726
2480000000,-32.3095316640012
2480000000,-32.3304420148632
2480000000,-32.3273070402005
2480000000,-32.3036512133773
2480000000,-32.3348327655091
2480000000,-32.3359613622367
2480000000,-32.3185109927598
2480000000,-32.2997644000791
2480000000,-32.3055813018807
2480000000,-32.3332379707778
2480000000,-32.3578393649759
2480000000,-32.332138144476
2480000000,-32.3613770772537
2480000000,-32.3478048224701
2480000000,-32.3322678803435
2480000000,-32.3459474189054
2480000000,-32.3423010155068
2480000000,-32.3491495919307
2480000000,-32.36493290546
2480000000,-32.3443808719746
2480000000,-32.3482952448948
2480000000,-32.3542638284296
2480000000,-32.3597497423478
2480000000,-32.3309555498933
2480000000,-32.3690063159135
2480000000,-32.3401505029049
2480000000,-32.3504435206644
2480000000,-32.3733530890182
2480000000,-32.3356267386987
2480000000,-32.3470096990866
2480000000,-32.3701119584807
2480000000,-32.3685431092337
2480000000,-32.3451374279207
2480000000,-32.3425565675019
2480000000,-32.3716099258058
2480000000,-32.3900313002829
2480000000,-32.4042970016561
2480000000,-32.3638707589239
2480000000,-32.3874884656689
2480000000,-32.367993258548
2480000000,-32.377545570191
2480000000,-32.3832542018045
2480000000,-32.373072954435
2480000000,-32.3815916597083
2480000000,-32.3847433572829
2480000000,-32.4011558723443
2480000000,-32.3841204780757
2480000000,-32.3648390396911
2480000000,-32.3952250484471
2480000000,-32.4139167531657
2480000000,-32.3918010643337
2480000000,-32.4080446637269
2480000000,-32.3802574185333
2480000000,-32.3889169374426
2480000000,-32.3542946758432
2480000000,-32.382233012724
2480000000,-32.3705935934581
2480000000,-32.4006001195558
2480000000,-32.3673921503176
2480000000,-32.3892922810544
2480000000,-32.3898210376834
2480000000,-32.4042161625334
2480000000,-32.4067623942504
2480000000,-32.3992606669539
2480000000,-32.3783015115768
2480000000,-32.3808864856469
2480000000,-32.4120143227274
2480000000,-32.3918541463507
2480000000,-32.4241636227316
2480000000,-32.3837986687578
2480000000,-32.3840046445943
2480000000,-32.4027301805283
2480000000,-32.4258045203835
2480000000,-32.3859767570616
2480000000,-32.4201368231237
2480000000,-32.3948245796779
2480000000,-32.4083067959487
2480000000,-32.399601522559
2480000000,-32.3956490299962
2480000000,-32.3993441586479
2480000000,-32.4183917794846
2480000000,-32.4148595530021
2480000000,-32.4129447596081
2480000000,-32.417163183424
2480000000,-32.4210249056541
2480000000,-32.4010787656708
2480000000,-32.4169038645831
2480000000,-32.4257666716655
2480000000,-32.4084324416916
2480000000,-32.4277892080747
2480000000,-32.4284073413057
2480000000,-32.4222315785997
2480000000,-32.4085142226069
2480000000,-32.4354641691015
2480000000,-32.4150711893048
2480000000,-32.4049119336959
2480000000,-32.4169887130088
2480000000,-32.4286133345873
2480000000,-32.4257405540283
2480000000,-32.4127016340365
2480000000,-32.469702762583
2480000000,-32.4358786500838
2480000000,-32.4274703480423
2480000000,-32.4073959774957
2480000000,-32.4256873101933
2480000000,-32.4077952785759
2480000000,-32.4324443796785
2480000000,-32.4344822851265
2480000000,-32.4295612841665
2480000000,-32.4177134966127
2480000000,-32.4461126870945
2480000000,-32.4292537970829
2480000000,-32.4073771838069
2480000000,-32.4426926654349
2480000000,-32.4283243436206
2480000000,-32.4297098233807
2480000000,-32.4281613615011
2480000000,-32.4434984415902
2480000000,-32.4291223874355
2480000000,-32.4282671070633
2480000000,-32.438529396531
2480000000,-32.439521488094
2480000000,-32.461813468184
2480000000,-32.4308892588756
2480000000,-32.4279774421969
2480000000,-32.4386230999478
2480000000,-32.4246004764245
2480000000,-32.433431735972
2480000000,-32.4564026337931
2480000000,-32.4593406985409
2480000000,-32.4480184104695
2480000000,-32.4439464333459
2480000000,-32.4551719109867
2480000000,-32.4287887163151
2480000000,-32.4665426561615
2480000000,-32.4646628676087
2480000000,-32.4604750001131
2480000000,-32.4400105370944
2480000000,-32.442204707465
2480000000,-32.4547704817235
2480000000,-32.4572258577349
2480000000,-32.4352389410041
2480000000,-32.4494363646125
2480000000,-32.4289590250175
2480000000,-32.4442295948707
2480000000,-32.4480405682895
2480000000,-32.5783625174957
2480000000,-32.4703740165559
2480000000,-32.4766068524228
2480000000,-32.4766243466458
2480000000,-32.4576842618313
2480000000,-32.4471293337153
2480000000,-32.4432948361029
2480000000,-32.4437989912381
2480000000,-32.4846054505347
2480000000,-32.4537394560825
2480000000,-32.462956905944
2480000000,-32.463874027549
2480000000,-32.4805490386068
2480000000,-32.4552756277814
2480000000,-32.4769037015465
2480000000,-32.483907728225
2480000000,-32.5039614419983
2480000000,-32.4747417033995
2480000000,-32.4603137731345
2480000000,-32.4355167867642
2480000000,-32.4906642706834
2480000000,-32.4453967581179
2480000000,-32.4825513028399
2480000000,-32.4872336567935
2480000000,-32.4840675709409
2480000000,-32.4832081595191
2480000000,-32.4880322798768
2480000000,-32.4747363568707
2480000000,-32.4866218520569
2480000000,-32.4715378040092
2480000000,-32.483857070977
2480000000,-32.4943344796903
2480000000,-32.4980915812913
2480000000,-32.5010019221976
2480000000,-32.4932146687004
2480000000,-32.4832709402671
2480000000,-32.5025487020134
2480000000,-32.5006535355002
2480000000,-32.5147926599516
2480000000,-32.4954696341951
2480000000,-32.4963708884527
2480000000,-32.4898908244808
2480000000,-32.4970154294592
2480000000,-32.506994286611
2480000000,-32.5090654903634
2480000000,-32.5105363491253
2480000000,-32.5074376673119
2480000000,-32.5015435108692
2480000000,-32.5004568334421
2480000000,-32.5228299184197
2480000000,-32.5041031068916
2480000000,-32.4858238935305
2480000000,-32.4989181795698
2480000000,-32.5231577808162
2480000000,-32.5195228794845
2480000000,-32.5187603199836
2480000000,-32.5039265372811
2480000000,-32.4979158998199
2480000000,-32.5167801771016
2480000000,-32.4953370771081
2480000000,-32.5042692687555
2480000000,-32.5077073248077
2480000000,-32.4832366950702
2480000000,-32.5260935646396
2480000000,-32.5003393759373
2480000000,-32.5071633203157
2480000000,-32.4959332588922
2480000000,-32.521280087872
2480000000,-32.5102117193082
2480000000,-32.4972915792509
2480000000,-32.4851378311107
2480000000,-32.5077275850736
2480000000,-32.4922340500117
2480000000,-32.4984295544842
2480000000,-32.5151967917405
2480000000,-32.4874678527874
2480000000,-32.4955668375418
2480000000,-32.4902084076644
2480000000,-32.5160578711927
2480000000,-32.4908159765027
2480000000,-32.4814770260497
2480000000,-32.5042817883614
2480000000,-32.4763000059228
2480000000,-32.4997551408871
2480000000,-32.4939528144062
2480000000,-32.4767766818464
2480000000,-32.4679661314737
2480000000,-32.5038564847773
2480000000,-32.4931254208595
2480000000,-32.4861551184641
2480000000,-32.4696113789326
2480000000,-32.4691018199616
2480000000,-32.5111849120699
2480000000,-32.4897025884742
2480000000,-32.4936464431165
2480000000,-32.4617241731163
2480000000,-32.4771672060811
2480000000,-32.4897194567872
2480000000,-32.4793344479678
2480000000,-32.5036550109709
2480000000,-32.4644147654983
2480000000,-32.4872401694809
2480000000,-32.4779849433152
2480000000,-32.5183014044748
2480000000,-32.4992844318232
2480000000,-32.4809127800523
2480000000,-32.4910480876165
2480000000,-32.4922731451128
2480000000,-32.498789332433
2480000000,-32.4821670389277
2480000000,-32.5097763253067
2480000000,-32.4873629589
2480000000,-32.446608647152
2480000000,-32.5030234282409
2480000000,-32.5195018513283
2480000000,-32.4950805407301
2480000000,-32.4989656761376
2480000000,-32.4885982778751
2480000000,-32.5229397233969
2480000000,-32.4903432221302
2480000000,-32.5002487643985
2480000000,-32.5196846223384
2480000000,-32.5201968293096
2480000000,-32.4915817067745
2480000000,-32.5002091880596
2480000000,-32.5159182636403
2480000000,-32.513147521083
2480000000,-32.5084112842626
2480000000,-32.5109359717894
2480000000,-32.5146948524238
2480000000,-32.5069333865269
2480000000,-32.4975325674091
2480000000,-32.5022391029631
2480000000,-32.4936309614986
2480000000,-32.5047225482056
2480000000,-32.5175045052048
2480000000,-32.5333279483109
2480000000,-32.5118915191529
2480000000,-32.5089069752998
2480000000,-32.5235028510101
2480000000,-32.4994207613477
2480000000,-32.5181065086948
2480000000,-32.5194555408292
2480000000,-32.5094738196005
2480000000,-32.5075784563878
2480000000,-32.505866127695
2480000000,-32.4952932778473
2480000000,-32.5501374951621
2480000000,-32.5572916709765
2480000000,-32.5214765200447
2480000000,-32.5186616773866
2480000000,-32.5211919041593
2480000000,-32.5308500184913
2480000000,-32.5141930293594
2480000000,-32.5427121486649
2480000000,-32.5308794280163
2480000000,-32.5132515899922
2480000000,-32.5300116333114
2480000000,-32.5228243795374
2480000000,-32.5410512299245
2480000000,-32.5433236081058
2480000000,-32.5350707663705
2480000000,-32.5306723684062
2480000000,-32.5492269654276
2480000000,-32.5393385599012
2480000000,-32.5480429898263
2480000000,-32.5356544995055
2480000000,-32.5122395694242
2480000000,-32.5544827919486
2480000000,-32.5527198784615
2480000000,-32.5469114582629
2480000000,-32.5369957471933
2480000000,-32.5443552091588
2480000000,-32.5646611783534
2480000000,-32.5445007168875
2480000000,-32.5532369380258
2480000000,-32.555212464869
2480000000,-32.5542215697607
2480000000,-32.5508731772356
2480000000,-32.5359543412704
2480000000,-32.516455860352
2480000000,-32.5515162657359
2480000000,-32.5263851032613
2480000000,-32.5249836925954
2480000000,-32.531971907642
2480000000,-32.5278535046613
2480000000,-32.5602710632069
2480000000,-32.5117606082442
2480000000,-32.5341599935345
2480000000,-32.5478910941512
2480000000,-32.5547361196178
2480000000,-32.5505470898178
2480000000,-32.5529310027014
2480000000,-32.5499469523845
2480000000,-32.5578733172945
2480000000,-32.5343969964663
2480000000,-32.5645641712149
2480000000,-32.5410562820816
2480000000,-32.5530270275527
2480000000,-32.5538711005265
2480000000,-32.5634529016856
2480000000,-32.5488551915041
2480000000,-32.5631590092738
2480000000,-32.5365833326789
2480000000,-32.564676140644
2480000000,-32.5425756733134
2480000000,-32.5648506243544
2480000000,-32.555724531414
2480000000,-32.5577211295904
2480000000,-32.5666467585807
2480000000,-32.561430010911
2480000000,-32.5694843972506
2480000000,-32.5542328680013
2480000000,-32.5695681112255
2480000000,-32.5507312423485
2480000000,-32.5755320920627
2480000000,-32.5591763787875
2480000000,-32.5503397089797
2480000000,-32.55541155755
2480000000,-32.5415316905966
2480000000,-32.5638444898536
2480000000,-32.5428309647397
2480000000,-32.5393227556629
2480000000,-32.5640995113751
2480000000,-32.5499064779821
2480000000,-32.5729210776849
2480000000,-32.5464747838465
2480000000,-32.5465206251889
2480000000,-32.5754329420944
2480000000,-32.5609018201228
2480000000,-32.5565771920828
2480000000,-32.5460215052011
2480000000,-32.5504044766955
2480000000,-32.5804132721657
2480000000,-32.5633571583165
2480000000,-32.5620692745448
2480000000,-32.565396179653
2480000000,-32.5531390750688
2480000000,-32.5555568989225
2480000000,-32.5401552963532
2480000000,-32.5550777852053
2480000000,-32.5841232152625
2480000000,-32.5651542769764
2480000000,-32.5688113671462
2480000000,-32.5447988420436
2480000000,-32.5547046987567
2480000000,-32.5693232740991
2480000000,-32.5612735325228
2480000000,-32.544771299344
2480000000,-32.5449082198723
2480000000,-32.5622575413757
2480000000,-32.54023875626
2480000000,-32.5495927215577
2480000000,-32.5419945026571
2480000000,-32.5663545685909
2480000000,-32.5836962134117
2480000000,-32.5604826469348
2480000000,-32.5655336380509
2480000000,-32.5451310545081
2480000000,-32.5618496495245
2480000000,-32.5780182354685
2480000000,-32.5553297026346
2480000000,-32.5745611290263
2480000000,-32.52691892387
2480000000,-32.5708040037702
2480000000,-32.5667482550552
2480000000,-32.5520328104937
2480000000,-32.5988891050477
2480000000,-32.5683696652505
2480000000,-32.5627055262705
2480000000,-32.5817422184619
2480000000,-32.5645609223954
2480000000,-32.5864878322438
2480000000,-32.586971690624
2480000000,-32.5546621573256
2480000000,-32.5741987368681
2480000000,-32.5688836676756
2480000000,-32.5630329405028
2480000000,-32.5544356857156
2480000000,-32.558421724185
2480000000,-32.5907429841743
2480000000,-32.5726689581056
2480000000,-32.5853879791738
2480000000,-32.5551012976207
2480000000,-32.5716628164633
2480000000,-32.5598293381265
2480000000,-32.592671387965
2480000000,-32.5720175705152
2480000000,-32.5870735112601
2480000000,-32.6055312894092
2480000000,-32.5596568424482
2480000000,-32.5584374349515
2480000000,-32.6017667987018
2480000000,-32.5913816846542
2480000000,-32.5728254281208
2480000000,-32.8194597849297
2480000000,-32.5648317313828
2480000000,-32.5930120008798
2480000000,-32.5975935608043
2480000000,-32.5993298802522
2480000000,-32.5856097918984
2480000000,-32.5851134438014
2480000000,-32.5701626745006
2480000000,-32.5918240824924
2480000000,-32.5713292938409
2480000000,-32.5937256339939
2480000000,-32.6046005450138
2480000000,-32.6087055945698
2480000000,-32.5945481071948
2480000000,-32.6062061660476
2480000000,-32.596232814126
2480000000,-32.591399115559
2480000000,-32.5835143489944
2480000000,-32.6047213462231
2480000000,-32.5981483794585
2480000000,-32.5828976975011
2480000000,-32.6461448852609
2480000000,-32.5879570655588
2480000000,-32.6218632357891
2480000000,-32.6151329161131
2480000000,-32.6100837077913
2480000000,-32.6126394478671
2480000000,-32.579689411481
2480000000,-32.6090496069218
2480000000,-32.600423857579
2480000000,-32.6052221044055
2480000000,-32.5936094944542
2480000000,-32.5827990989484
2480000000,-32.5819174614077
2480000000,-32.5845376196434
2480000000,-32.611590319592
2480000000,-32.6053844350663
2480000000,-32.6215523154201
2480000000,-32.6015946810253
2480000000,-32.5961972490746
2480000000,-32.6145624724913
2480000000,-32.623011295253
2480000000,-32.6034723407298
2480000000,-32.5933792689255
2480000000,-32.6159379684668
2480000000,-32.6163917668537
2480000000,-32.589887519881
2480000000,-32.6062065176503
2480000000,-32.6230436536996
2480000000,-32.6202742079614
2480000000,-32.6051049315133
2480000000,-32.6135970174981
2480000000,-32.6196179048748
2480000000,-32.6055484292542
2480000000,-32.5958920636598
2480000000,-32.5968847225685
2480000000,-32.6129600187959
2480000000,-32.6371726091568
2480000000,-32.6351142818907
2480000000,-32.6197460344105
2480000000,-32.6301216224644
2480000000,-32.6249190510688
2480000000,-32.6556291365819
2480000000,-32.6408731552745
2480000000,-32.6415297949001
2480000000,-32.6494307442332
2480000000,-32.6120417389076
2480000000,-32.649193584624
2480000000,-32.6389419131898
2480000000,-32.6351413098647
2480000000,-32.635813772859
2480000000,-32.6258185876133
2480000000,-32.6430386717338
2480000000,-32.6225377943109
2480000000,-32.6476061618868
2480000000,-32.6749694901369
2480000000,-32.6428299425894
2480000000,-32.6633997961397
2480000000,-32.6268620203111
2480000000,-32.6301857686663
2480000000,-32.6230432496678
2480000000,-32.6345145416485
2480000000,-32.657979276886
2480000000,-32.6455830211091
2480000000,-32.6696617890043
2480000000,-32.6443672856016
2480000000,-32.638880525729
2480000000,-32.6680662715244
2480000000,-32.6663199771997
2480000000,-32.6467373267416
2480000000,-32.6504597655941
2480000000,-32.6355048381482
2480000000,-32.654272329555
2480000000,-32.6525499806767
2480000000,-32.6554977234675
2480000000,-32.6737314101302
2480000000,-32.6568290078868
2480000000,-32.6532774539098
2480000000,-32.6413301709484
2480000000,-32.6367975099061
2480000000,-32.6618485244082
2480000000,-32.6548716524772
2480000000,-32.6874648745579
2480000000,-32.6234352512754
2480000000,-32.6597218078012
2480000000,-32.6643110636072
2480000000,-32.6275124705699
2480000000,-32.6594881247185
2480000000,-32.6708837396812
2480000000,-32.6667373135092
2480000000,-32.6495613175636
2480000000,-32.5578639386452
2480000000,-32.6712601346343
2480000000,-32.6657142387595
2480000000,-32.6698743714013
2480000000,-32.6588646360098
2480000000,-32.6484801274067
2480000000,-32.6571392271828
2480000000,-32.6624598191013
2480000000,-32.6760142640264
2480000000,-32.683117153446
2480000000,-32.6545284848975
2480000000,-32.6754266546472
2480000000,-32.6517198954404
2480000000,-32.6636184518536
2480000000,-32.668755631122
2480000000,-32.6768396005569
2480000000,-32.6565545644603
2480000000,-32.6887485019828
2480000000,-32.6692099083094
2480000000,-32.6687806083075
2480000000,-32.6775491941821
2480000000,-32.6514864978873
2480000000,-32.652640537715
2480000000,-32.6644705020903
2480000000,-32.6314209895869
2480000000,-32.6674011170591
2480000000,-32.6559685970286
2480000000,-32.67535572703
2480000000,-32.6704590434982
2480000000,-32.6484521982149
2480000000,-32.6590127958865
2480000000,-32.6584276019686
2480000000,-32.6535386705844
2480000000,-32.6454765526783
2480000000,-32.6716926124796
2480000000,-32.6737771416129
2480000000,-32.6770289125045
2480000000,-32.6458289523842
2480000000,-32.6862861340087
2480000000,-32.6875643915963
2480000000,-32.656503203115
2480000000,-32.6963275427285
2480000000,-32.6446362516866
2480000000,-32.6506832546825
2480000000,-32.6509105224127
2480000000,-32.6574523516023
2480000000,-32.6503760540005
2480000000,-32.6547229714917
2480000000,-32.6584688911519
2480000000,-32.6653230798637
2480000000,-32.6758146669534
2480000000,-32.6734117780805
2480000000,-32.6663739710042
2480000000,-32.6749834199413
2480000000,-32.659334642966
2480000000,-32.6628785778559
2480000000,-32.6760559300107
2480000000,-32.6830968853904
2480000000,-32.6646999260701
2480000000,-32.6596581651946
2480000000,-32.6979903863381
2480000000,-32.6762171682094
2480000000,-32.6719899642366
2480000000,-32.6532771639284
2480000000,-32.6617421388636
2480000000,-32.6481435663656
2480000000,-32.6589999886087
2480000000,-32.6634104905029
2480000000,-32.6512071179403
2480000000,-32.6791708646975
2480000000,-32.6813911303758
2480000000,-32.6757293583009
2480000000,-32.6511851754289
2480000000,-32.669602768561
2480000000,-32.6654591479036
2480000000,-32.6747216035217
2480000000,-32.6750585915186
2480000000,-32.6746101063947
2480000000,-32.6711213251264
2480000000,-32.6694432885294
2480000000,-32.6722732612613
2480000000,-32.6713681245054
2480000000,-32.667674318998
2480000000,-32.6460806612559
2480000000,-32.7046650649336
2480000000,-32.669332228998
2480000000,-32.6991446353454
2480000000,-32.6790802325176
2480000000,-32.6999508026696
2480000000,-32.6756960286532
2480000000,-32.6788085245711
2480000000,-32.6996448140891
2480000000,-32.6911694915888
2480000000,-32.6956650722041
2480000000,-32.6704657182864
2480000000,-32.7143451893258
2480000000,-32.6842815184467
2480000000,-32.6892112486321
2480000000,-32.7278788892643
2480000000,-32.6931000232227
2480000000,-32.6995993302032
2480000000,-32.7203018525104
2480000000,-32.6982350685336
2480000000,-32.708113131431
2480000000,-32.6822923575181
2480000000,-32.7052032389379
2480000000,-32.6986259165433
2480000000,-32.6819657745586
2480000000,-32.6885639825399
2480000000,-32.7167894285204
2480000000,-32.6919439265338
2480000000,-32.7070432500223
2480000000,-32.7233029105872
2480000000,-32.7126013855193
2480000000,-32.6986052968537
2480000000,-32.6797769637811
2480000000,-32.7041795845993
2480000000,-32.6991402391006
2480000000,-32.707345076906
2480000000,-32.7037356045444
2480000000,-32.7045442180767
2480000000,-32.6765704754805
2480000000,-32.6918095877724
2480000000,-32.707169678415
2480000000,-32.7074068901258
2480000000,-32.7125752004454
2480000000,-32.7094221801653
2480000000,-32.6984603109173
2480000000,-32.6986468661019
2480000000,-32.7244092310672
2480000000,-32.7262133975078
2480000000,-32.7393880058
2480000000,-32.7038537270288
2480000000,-32.7163383249605
2480000000,-32.71999099762
2480000000,-32.7537098012145
2480000000,-32.7331423696807
2480000000,-32.7333543187815
2480000000,-32.7206578145381
2480000000,-32.7018144358879
2480000000,-32.7128303548712
2480000000,-32.718442322184
2480000000,-32.7244053900692
2480000000,-32.7069484354826
2480000000,-32.7134240421993
2480000000,-32.7399708231984
2480000000,-32.7174406140518
2480000000,-32.7342803194681
2480000000,-32.6979976493803
2480000000,-32.7432301920884
2480000000,-32.7487831189036
2480000000,-32.6959885585883
2480000000,-32.7164002488042
2480000000,-32.7100679414776
2480000000,-32.7296635378565
2480000000,-32.7213331388922
2480000000,-32.7528848626112
2480000000,-32.7372737093551
2480000000,-32.7252219603658
2480000000,-32.7508698057387
2480000000,-32.7252975111624
2480000000,-32.7375950195121
2480000000,-32.7244466919484
2480000000,-32.7373030168939
2480000000,-32.7230683023142
2480000000,-32.7109159943807
2480000000,-32.7144964460974
2480000000,-32.7359063886827
2480000000,-32.7081300980733
2480000000,-32.7236179278507
2480000000,-32.7164590670572
2480000000,-32.7321261314728
2480000000,-32.721703928063
2480000000,-32.735366247876
2480000000,-32.7049226427485
2480000000,-32.7167579116583
2480000000,-32.7083584182939
2480000000,-32.7068121338207
2480000000,-32.7308907938028
2480000000,-32.7164820296046
2480000000,-32.4946825586997
2480000000,-32.7264401809756
2480000000,-32.7323682813831
2480000000,-32.7272906809677
2480000000,-32.7105935649478
2480000000,-32.7093953631684
2480000000,-32.7277226417793
2480000000,-32.7225469847147
2480000000,-32.7126579210193
2480000000,-32.705366793554
2480000000,-32.7229771037132
2480000000,-32.7404798135685
2480000000,-32.7172557783185
2480000000,-32.6982061909795
2480000000,-32.7163317280606
2480000000,-32.7345217177134
2480000000,-32.7161990756657
2480000000,-32.7021885569437
2480000000,-32.6930963645898
2480000000,-32.6845059620017
2480000000,-32.7234846296842
2480000000,-32.705540603759
2480000000,-32.712553803379
2480000000,-32.7393867117023
2480000000,-32.7074642265254
2480000000,-32.6971194233633
2480000000,-32.7282987238043
2480000000,-32.7235267722648
2480000000,-32.7173809576494
2480000000,-32.703525096256
2480000000,-32.7119303610269
2480000000,-32.7077604397239
2480000000,-32.6989048613124
2480000000,-32.7112747075331
2480000000,-32.7140226582423
2480000000,-32.7121762444487
2480000000,-32.7123621576957
2480000000,-32.7046402974446
2480000000,-32.6877475674629
2480000000,-32.7129171045231
2480000000,-32.7147371045646
2480000000,-32.7266824717584
2480000000,-32.6909731154717
2480000000,-32.7051676341648
2480000000,-32.7331490246024
2480000000,-32.7017136066703
2480000000,-32.735997299289
2480000000,-32.7145676723342
2480000000,-32.7341016450183
2480000000,-32.721311917523
2480000000,-32.6928522847833
2480000000,-32.7161013380203
2480000000,-32.7199147464073
2480000000,-32.717954353791
2480000000,-32.7104980833899
2480000000,-32.6771582285046
2480000000,-32.7349912547753
2480000000,-32.6996663951269
2480000000,-32.7254754529963
2480000000,-32.7064284875672
2480000000,-32.7009596859599
2480000000,-32.7269514238813
2480000000,-32.7211636214927
2480000000,-32.7154676438955
2480000000,-32.723318987827
2480000000,-32.7291067004144
2480000000,-32.7228491466634
2480000000,-32.7435524164489
2480000000,-32.7176510727767
2480000000,-32.7056322968827
2480000000,-32.7100962728192
2480000000,-32.7153753230987
2480000000,-32.7302497206076
2480000000,-32.723260457711
2480000000,-32.6965323508981
2480000000,-32.7146240034325
2480000000,-32.7272507094096
2480000000,-32.7473398864828
2480000000,-32.7160751249878
2480000000,-32.7387387030508
2480000000,-32.7118362525222
2480000000,-32.7266094300381
2480000000,-32.7292072094949
2480000000,-32.7104633514979
2480000000,-32.743046510296
2480000000,-32.7195349195186
2480000000,-32.7253626578213
2480000000,-32.7445946423738
2480000000,-32.7357704353814
2480000000,-32.7220772550722
2480000000,-32.7327144558018
2480000000,-32.7300340798
2480000000,-32.7617793436482
2480000000,-32.7290077354501
2480000000,-32.7538930609031
2480000000,-32.742328936212
2480000000,-32.7487828893465
2480000000,-32.735076531079
2480000000,-32.7573982125069
2480000000,-32.7379507265638
2480000000,-32.7052805785193
2480000000,-32.7437180169774
2480000000,-32.7354427915127
2480000000,-32.7547891951226
2480000000,-32.7250729267755
2480000000,-32.7373607475743
2480000000,-32.7375941695708
2480000000,-32.7391298051322
2480000000,-32.7536289838195
2480000000,-32.7291913877463
2480000000,-32.752380567525
2480000000,-32.7420054116603
2480000000,-32.7491321372565
2480000000,-32.7339126407573
2480000000,-32.7380851372801
2480000000,-32.734081546344
2480000000,-32.7393831381104
2480000000,-32.7501728316555
2480000000,-32.7620585055232
2480000000,-32.7362387240318
2480000000,-32.7449561932333
2480000000,-32.7492416473119
2480000000,-32.7706482942703
2480000000,-32.7365204598101
2480000000,-32.7519704222073
2480000000,-32.7427443512321
2480000000,-32.7401725025188
2480000000,-32.7562072512137
2480000000,-32.7594611610898
2480000000,-32.7534498905496
2480000000,-32.7239151915897
2480000000,-32.7552011093377
2480000000,-32.7207020846466
2480000000,-32.760161296001
2480000000,-32.7382990274918
2480000000,-32.7554108190355
2480000000,-32.7559748514519
2480000000,-32.7508974534526
2480000000,-32.7529170465265
2480000000,-32.7379935962025
2480000000,-32.7402430617226
2480000000,-32.7358402737322
2480000000,-32.7383473861139
2480000000,-32.7576586339519
2480000000,-32.7519589506284
2480000000,-32.7325212966953
2480000000,-32.7337584031965
2480000000,-32.7303481276609
2480000000,-32.7218393815666
2480000000,-32.7404730715462
2480000000,-32.7248085265389
2480000000,-32.7373489942968
2480000000,-32.7280047536827
2480000000,-32.7204930828662
2480000000,-32.7498707936916
2480000000,-32.7055961464049
2480000000,-32.7373528800602
2480000000,-32.7573127394028
2480000000,-32.7052281104574
2480000000,-32.7462139546744
2480000000,-32.7284517659246
2480000000,-32.7354898446717
2480000000,-32.7094964100309
2480000000,-32.7348546645194
2480000000,-32.7421579777373
2480000000,-32.7188374698393
2480000000,-32.7216178278689
2480000000,-32.7255387948677
2480000000,-32.7252257947057
2480000000,-32.7256323464447
2480000000,-32.7112254817084
2480000000,-32.7147115644985
2480000000,-32.7272779094365
2480000000,-32.7284323919059
2480000000,-32.7146613127643
2480000000,-32.7358940463128
2480000000,-32.7065996884267
2480000000,-32.7457187068829
2480000000,-32.7241883722526
2480000000,-32.7416541908501
2480000000,-32.717691368423
2480000000,-32.7298807833175
2480000000,-32.7169720657068
2480000000,-32.7321210613394
2480000000,-32.7293109902911
2480000000,-32.7273284689577
2480000000,-32.7152953097475
2480000000,-32.7203247584229
2480000000,-32.7401220740682
2480000000,-32.7377268339376
2480000000,-32.7285627249141
2480000000,-32.7019680030977
2480000000,-32.7292367831483
2480000000,-32.7368649639315
2480000000,-32.7228680794142
2480000000,-32.7271268380016
2480000000,-32.7321753255183
2480000000,-32.7154101719541
2480000000,-32.7171329067212
2480000000,-32.7241044342776
2480000000,-32.7304613589413
2480000000,-32.7352597584002
2480000000,-32.7217129333439
2480000000,-32.7260475016968
2480000000,-32.7051409052981
2480000000,-32.7258302736237
2480000000,-32.7273631272043
2480000000,-32.723619100747
2480000000,-32.7212832874567
2480000000,-32.6904203905638
2480000000,-32.7279918580669
2480000000,-32.7187225121934
2480000000,-32.7302359824506
2480000000,-32.7575059010983
2480000000,-32.7328553806028
2480000000,-32.7436087708796
2480000000,-32.7342656164998
2480000000,-32.7380034787088
2480000000,-32.7422988226266
2480000000,-32.7261168457368
2480000000,-32.7110357498534
2480000000,-32.7181560017053
2480000000,-32.7262331639367
2480000000,-32.696457355417
2480000000,-32.7271277898537
2480000000,-32.7433166001725
2480000000,-32.7272380506565
2480000000,-32.739943200633
2480000000,-32.7271294483548
2480000000,-32.7156495544222
2480000000,-32.7081652281869
2480000000,-32.6865805857676
2480000000,-32.7227045337715
2480000000,-32.7426736279575
2480000000,-32.7102612705467
2480000000,-32.7469403070102
2480000000,-32.7142780986498
2480000000,-32.7213729313056
2480000000,-32.7444976291958
2480000000,-32.7476312309428
2480000000,-32.734354965821
2480000000,-32.745877225975
2480000000,-32.7304271494235
2480000000,-32.7508640110078
2480000000,-32.7263972887075
2480000000,-32.7244199948009
2480000000,-32.7329158651274
2480000000,-32.7235481697395
2480000000,-32.6855405519239
2480000000,-32.7158471097335
2480000000,-32.729795318772
2480000000,-32.7114385135572
2480000000,-32.6830974338603
2480000000,-32.7165389445418
2480000000,-32.6987563277432
2480000000,-32.6973047899265
2480000000,-32.7073636050833
2480000000,-32.7002606672042
2480000000,-32.6977347707465
2480000000,-32.7000499688373
2480000000,-32.7129010059911
2480000000,-32.6974715567929
2480000000,-32.7174542316144
2480000000,-32.7032705945466
2480000000,-32.6950252373016
2480000000,-32.694421009998
2480000000,-32.7101241857604
2480000000,-32.708121632123
2480000000,-32.7052537327622
2480000000,-32.6960072473793
2480000000,-32.7128549568944
2480000000,-32.7012828841172
2480000000,-32.6918668468404
2480000000,-32.6925690875987
2480000000,-32.697093102064
2480000000,-32.6989733139235
2480000000,-32.6739988244755
2480000000,-32.7005720074241
2480000000,-32.7124940346689
2480000000,-32.6962616798556
2480000000,-32.7105340487689
2480000000,-32.707434107565
2480000000,-32.7075592811649
2480000000,-32.6919385292408
2480000000,-32.6781746295947
2480000000,-32.7050250217961
2480000000,-32.6882295136203
2480000000,-32.6923109272227
2480000000,-32.6779697239222
2480000000,-32.6833968390985
2480000000,-32.6825883124567
2480000000,-32.6759181107809
2480000000,-32.6477756905479
2480000000,-32.6880268658999
2480000000,-32.6751315123983
2480000000,-32.6542207643029
2480000000,-32.712540979585
2480000000,-32.7022630420959
2480000000,-32.7121352328858
2480000000,-32.6954811213687
2480000000,-32.7087123640825
2480000000,-32.7060721350218
2480000000,-32.6755987145474
2480000000,-32.7159395469993
2480000000,-32.6097279546414
2480000000,-32.689566957124
2480000000,-32.6966003770315
2480000000,-32.6966001749672
2480000000,-32.7234105086402
2480000000,-32.7142207003522
2480000000,-32.6881243392197
2480000000,-32.7009879720933
2480000000,-32.6820188929406
2480000000,-32.6920193235842
2480000000,-32.6911968319755
2480000000,-32.6925021724477
2480000000,-32.6995565699544
2480000000,-32.7083936142812
2480000000,-32.6814555511816
2480000000,-32.6974284078115
2480000000,-32.6917263866062
2480000000,-32.7078187751005
2480000000,-32.690324240725
2480000000,-32.7078880090576
2480000000,-32.7023187465878
2480000000,-32.6891285435673
2480000000,-32.6763406408863
2480000000,-32.6907014057408
2480000000,-32.7078157665356
2480000000,-32.6904961998478
2480000000,-32.7141953906224
2480000000,-32.7117728221285
2480000000,-32.6810493576744
2480000000,-32.6756343269125
2480000000,-32.7167979823096
2480000000,-32.7441378165095
2480000000,-32.6947514498637
2480000000,-32.709510886004
2480000000,-32.7133486747157
2480000000,-32.7046314066755
2480000000,-32.6872771724865
2480000000,-32.7076507650963
2480000000,-32.7040759835104
2480000000,-32.7153005157637
2480000000,-32.7109574094632
2480000000,-32.7114233924708
2480000000,-32.7245578615182
2480000000,-32.6998844934376
2480000000,-32.7092457646343
2480000000,-32.6931150365432
2480000000,-32.7219484032242
2480000000,-32.7398177696927
2480000000,-32.6953222001858
2480000000,-32.6965448699131
2480000000,-32.692910032902
2480000000,-32.6952914011722
2480000000,-32.7145098120503
2480000000,-32.7345816705511
2480000000,-32.7004548299966
2480000000,-32.7054023587515
2480000000,-32.7054640240515
2480000000,-32.7410317204227
2480000000,-32.6931865915897
2480000000,-32.6934292627722
2480000000,-32.7208828788085
2480000000,-32.7102269230158
2480000000,-32.6993124549499
2480000000,-32.7265537822255
2480000000,-32.7028345532941
2480000000,-32.6954744932904
2480000000,-32.7293527901424
2480000000,-32.7022902145458
2480000000,-32.7056699853377
2480000000,-32.7142299047313
2480000000,-32.7216570283203
2480000000,-32.7034203292432
2480000000,-32.7245079852203
2480000000,-32.6936307930109
2480000000,-32.6940042872066
2480000000,-32.709877126281
2480000000,-32.709084982938
2480000000,-32.6980397936489
2480000000,-32.7317924784947
2480000000,-32.7340336532674
2480000000,-32.7445258762998
2480000000,-32.7361332951439
2480000000,-32.733942349839
2480000000,-32.7157382919657
2480000000,-32.7061827776897
2480000000,-32.724579471232
2480000000,-32.7142831615075
2480000000,-32.7429368508385
2480000000,-32.7220783309465
2480000000,-32.7180062255732
2480000000,-32.7316173892292
2480000000,-32.7281402543476
2480000000,-32.7086133527738
2480000000,-32.7050768402119
2480000000,-32.7059064626971
2480000000,-32.7199530250474
2480000000,-32.7215104429193
2480000000,-32.7180541693677
2480000000,-32.7139394031167
2480000000,-32.708284787226
2480000000,-32.6830944700855
2480000000,-32.7172989354029
2480000000,-32.7173006960202
2480000000,-32.7509462314174
2480000000,-32.8223353722881
2480000000,-32.7096944916503
2480000000,-32.7133577382112
2480000000,-32.7053673765925
2480000000,-32.731042509138
2480000000,-32.7379142038115
2480000000,-32.7335934171665
2480000000,-32.7304618673651
2480000000,-32.7300068138278
2480000000,-32.7334815936166
2480000000,-32.728404519331
2480000000,-32.7316197396107
2480000000,-32.7310236648192
2480000000,-32.7393827275777
2480000000,-32.7480746352224
2480000000,-32.7327093358426
2480000000,-32.7377105092832
2480000000,-32.7086650565072
2480000000,-32.741457033278
2480000000,-32.7207845566649
2480000000,-32.736863925259
2480000000,-32.721158147243
2480000000,-32.7267351027779
2480000000,-32.7160922877611
2480000000,-32.7292881685393
2480000000,-32.7276665078927
2480000000,-32.7171341723653
2480000000,-32.7357593293559
2480000000,-32.7103035098267
2480000000,-32.7501781533067
2480000000,-32.7450805998247
2480000000,-32.739815602359
2480000000,-32.7427433396043
2480000000,-32.7349852393931
2480000000,-32.7461907343338
2480000000,-32.7411469226967
2480000000,-32.7250101087512
2480000000,-32.7430893008242
2480000000,-32.7234358803953
2480000000,-32.7369087264429
2480000000,-32.7082643190009
2480000000,-32.7014504534148
2480000000,-32.731611284972
2480000000,-32.7212625695005
2480000000,-32.7043646879959
2480000000,-32.7283305539165
2480000000,-32.7270631935301
2480000000,-32.75580964256
2480000000,-32.745228864842
2480000000,-32.7348734205766
2480000000,-32.7415533333116
2480000000,-32.747698876191
2480000000,-32.7059606661199
2480000000,-32.7168127246201
2480000000,-32.7486179930198
2480000000,-32.7165789940838
2480000000,-32.7288208652861
2480000000,-32.7318591266053
2480000000,-32.7498323044255
2480000000,-32.7540819511367
2480000000,-32.7234185708736
2480000000,-32.7124804375788
2480000000,-32.7349858393694
2480000000,-32.7232668695658
2480000000,-32.7117467558628
2480000000,-32.7027687620391
2480000000,-32.7576913725242
2480000000,-32.7371090398067
2480000000,-32.7489896795842
2480000000,-32.7497628403513
2480000000,-32.7444452079244
2480000000,-32.7341193235622
2480000000,-32.746122333563
2480000000,-32.7480481082987
2480000000,-32.7235824805013
2480000000,-32.7433951437672
2480000000,-32.7382574780447
2480000000,-32.7351802886328
2480000000,-32.7389319338394
2480000000,-32.7255263135902
2480000000,-32.7108039293446
2480000000,-32.7158465059713
2480000000,-32.7372140590343
2480000000,-32.7554337269166
2480000000,-32.7351200424069
2480000000,-32.7149583836369
2480000000,-32.7273661731011
2480000000,-32.7266390744266
2480000000,-32.6480775965382
2480000000,-32.7225691418108
2480000000,-32.7281100959293
2480000000,-32.7467474696826
2480000000,-32.7314674622915
2480000000,-32.7500183757937
2480000000,-32.7221817109478
2480000000,-32.7595446376747
2480000000,-32.7290736845535
2480000000,-32.7444228019881
2480000000,-32.7514937774841
2480000000,-32.7517575551015
2480000000,-32.7562516290593
2480000000,-32.7311751250932
2480000000,-32.7649563319871
2480000000,-32.7532987712018
2480000000,-32.7376883997806
2480000000,-32.7352590980303
2480000000,-32.7302486587179
2480000000,-32.7529798872683
2480000000,-32.7440431061851
2480000000,-32.7397097207435
2480000000,-32.7802947999604
2480000000,-32.7407199348141
2480000000,-32.7262762517811
2480000000,-32.7358432847693
2480000000,-32.726765651273
2480000000,-32.7661732826726
2480000000,-32.7336040392841
2480000000,-32.7221206742111
2480000000,-32.7428545592044
2480000000,-32.712008026226
2480000000,-32.7569646970587
2480000000,-32.7267167442571
2480000000,-32.7474846507083
2480000000,-32.7359297908319
2480000000,-32.7480730150955
2480000000,-32.7426522932196
2480000000,-32.7198806452104
2480000000,-32.749592909622
2480000000,-32.7672358969882
2480000000,-32.749274303033
2480000000,-32.729657624759
2480000000,-32.7385750867878
2480000000,-32.7455060884496
2480000000,-32.723168751124
2480000000,-32.7433732147861
2480000000,-32.7512685761627
2480000000,-32.7603058171844
2480000000,-32.7373172230189
2480000000,-32.7371130631026
2480000000,-32.7165148672417
2480000000,-32.7396838645474
2480000000,-32.714053138307
2480000000,-32.720830891179
2480000000,-32.7293657205181
2480000000,-32.7305157915081
2480000000,-32.7390495107493
2480000000,-32.7475092377274
2480000000,-32.7417559224878
2480000000,-32.7517853211955
2480000000,-32.7297408634279
2480000000,-32.7202655795907
2480000000,-32.7518939111469
2480000000,-32.7569886944587
2480000000,-32.7480353841076
2480000000,-32.7456664748824
2480000000,-32.7289330861055
2480000000,-32.7317365829205
2480000000,-32.7194908190841
2480000000,-32.7328184412515
2480000000,-32.7335960980728
2480000000,-32.7400626339818
2480000000,-32.7462658001765
2480000000,-32.7241178923302
2480000000,-32.7294927893742
2480000000,-32.748559833476
2480000000,-32.7466903267774
2480000000,-32.7176121628242
2480000000,-32.73181380884
2480000000,-32.7413407036141
2480000000,-32.7448200878872
2480000000,-32.7524602238657
2480000000,-32.7482247622714
2480000000,-32.730674288019
2480000000,-32.7366266244843
2480000000,-32.7402091693325
2480000000,-32.7132584849357
2480000000,-32.7415927809867
2480000000,-32.7236270144519
2480000000,-32.7375019785522
2480000000,-32.6853618891735
2480000000,-32.7479029998102
2480000000,-32.7561953191952
2480000000,-32.7438284759202
2480000000,-32.7575640931935
2480000000,-32.7268510154697
2480000000,-32.7056526999065
2480000000,-32.7374548461407
2480000000,-32.7297559126609
2480000000,-32.7371682948196
2480000000,-32.7321590435534
2480000000,-32.7243463314695
2480000000,-32.7267013371474
2480000000,-32.7355417828701
2480000000,-32.7249834406471
2480000000,-32.7466310382912
2480000000,-32.7638414758307
2480000000,-32.7369345517706
2480000000,-32.7316619286875
2480000000,-32.7583043354551
2480000000,-32.7191131915424
2480000000,-32.7520477810915
2480000000,-32.7491971363413
2480000000,-32.7421812420926
2480000000,-32.7483377453534
2480000000,-32.7159882485517
2480000000,-32.7138084468345
2480000000,-32.7281840123027
2480000000,-32.7376112222585
2480000000,-32.7381123191709
2480000000,-32.7539215040897
2480000000,-32.7544546943115
2480000000,-32.746633965133
2480000000,-32.7367539744093
2480000000,-32.7730813193165
2480000000,-32.7229137348538
2480000000,-32.7648413434686
2480000000,-32.7494960718336
2480000000,-32.7438709833908
2480000000,-32.7337817342214
2480000000,-32.7507557398905
2480000000,-32.7360047203031
2480000000,-32.7444097365396
2480000000,-32.7503435313754
2480000000,-32.7313356896034
2480000000,-32.7481422669404
2480000000,-32.7487313809285
2480000000,-32.7484406087771
2480000000,-32.7595289971432
2480000000,-32.7693865629268
2480000000,-32.7559607843683
2480000000,-32.7671080444064
2480000000,-32.770693718073
2480000000,-32.7441011496216
2480000000,-32.7392935999104
2480000000,-32.7740152276809
2480000000,-32.7936899600005
2480000000,-32.7439053478059
2480000000,-32.761849045284
2480000000,-32.7425126546283
2480000000,-32.7681054737915
2480000000,-32.7358652353722
2480000000,-32.7603990489329
2480000000,-32.7610645460251
2480000000,-32.7829181652808
2480000000,-32.7529297359776
2480000000,-32.7720075549688
2480000000,-32.771028840592
2480000000,-32.7617138100121
2480000000,-32.7587931413781
2480000000,-32.7439501135319
2480000000,-32.7525791432377
2480000000,-32.7834846010341
2480000000,-32.7452432994466
2480000000,-32.7772003974497
2480000000,-32.7431391327805
2480000000,-32.7788182483016
2480000000,-32.7395146229001
2480000000,-32.7758606540221
2480000000,-32.7649747226125
2480000000,-32.7557448015742
2480000000,-32.7738062457656
2480000000,-32.7417641647542
2480000000,-32.7782669216989
2480000000,-32.7453171594385
2480000000,-32.762242760261
2480000000,-32.7445570960734
2480000000,-32.7556019143941
2480000000,-32.7788180557598
2480000000,-32.7817126155124
2480000000,-32.7540647101041
2480000000,-32.7812548518029
2480000000,-32.7265393225932
2480000000,-32.7847520194345
2480000000,-32.7840255100134
2480000000,-32.7637501871217
2480000000,-32.7564191125216
2480000000,-32.7610396416896
2480000000,-32.7684776736431
2480000000,-32.7583118565375
2480000000,-32.7439283921879
2480000000,-32.7261553485786
2480000000,-32.7265601847039
2480000000,-32.755005930422
2480000000,-32.7472396635533
2480000000,-32.7376734945041
2480000000,-32.7314538545533
2480000000,-32.7434634110661
2480000000,-32.7491784388618
2480000000,-32.7332643716977
2480000000,-32.7219038092867
2480000000,-32.7526461237026
2480000000,-32.7497934037328
2480000000,-32.7562455930326
2480000000,-32.7480304797836
2480000000,-32.7645686110201
2480000000,-32.7710099452689
2480000000,-32.7568897022769
2480000000,-32.6979703510643
2480000000,-32.7291209280512
2480000000,-32.7461203903245
2480000000,-32.7473855699428
2480000000,-32.7516210403772
2480000000,-32.7490607390652
2480000000,-32.7544514909505
2480000000,-32.7604917538482
2480000000,-32.7289841016819
2480000000,-32.7358005486576
2480000000,-32.7526557409959
2480000000,-32.7285732091509
2480000000,-32.7370265164572
2480000000,-32.7368696883376
2480000000,-32.7406413893358
2480000000,-32.7302835639708
2480000000,-32.7230998561036
2480000000,-32.7418832405431
2480000000,-32.7450005266452
2480000000,-32.7459569427814
2480000000,-32.7656011551284
2480000000,-32.7369647800339
2480000000,-32.7367464334464
2480000000,-32.7304834470791
2480000000,-32.75952489594
2480000000,-32.7587971060888
2480000000,-32.7473171557558
2480000000,-32.7283546204551
2480000000,-32.7290120224149
2480000000,-32.7366691673437
2480000000,-32.7466145691157
2480000000,-32.7486494089222
2480000000,-32.7364911701232
2480000000,-32.7498034482769
2480000000,-32.7512991995247
2480000000,-32.7670492495342
2480000000,-32.7264436141289
2480000000,-32.7324387253935
2480000000,-32.7508497130207
2480000000,-32.7608897380721
2480000000,-32.7666600088758
2480000000,-32.7481321845705
2480000000,-32.7567898628726
2480000000,-32.7403633212588
2480000000,-32.7526099878406
2480000000,-32.781309728452
2480000000,-32.7523023667604
2480000000,-32.7734596572252
2480000000,-32.7588039340274
2480000000,-32.7560011712364
2480000000,-32.7642285678797
2480000000,-32.7865723192486
2480000000,-32.7823476527433
2480000000,-32.7680228985646
2480000000,-32.7876784184202
2480000000,-32.7796140315108
2480000000,-32.7432410008733
2480000000,-32.7487423972807
2480000000,-32.7895823634302
2480000000,-32.8001031277351
2480000000,-32.7723794329789
2480000000,-32.78810330839
2480000000,-32.7466819872529
2480000000,-32.7774862630106
2480000000,-32.7686119354443
2480000000,-32.7600476729477
2480000000,-32.7644844908818
2480000000,-32.7546283380689
2480000000,-32.7859352449005
2480000000,-32.7520994672671
2480000000,-32.7719074337439
2480000000,-32.7407545332042
2480000000,-32.7630605485864
2480000000,-32.760424471824
2480000000,-32.762837566252
2480000000,-32.7479974444196
2480000000,-32.7630895069321
2480000000,-32.7626542542638
2480000000,-32.7590015719407
2480000000,-32.7855104685415
2480000000,-32.7598306665846
2480000000,-32.7840795346653
2480000000,-32.7430568513025
2480000000,-32.7595839136858
2480000000,-32.7773456065467
2480000000,-32.7820195438498
2480000000,-32.7769326750398
2480000000,-32.7797107171509
2480000000,-32.7669194508109
2480000000,-32.7452355122651
2480000000,-32.7562730030277
2480000000,-32.7714330413035
2480000000,-32.7622717270685
2480000000,-32.7745117324617
2480000000,-32.7599240581004
2480000000,-32.7525401768794
2480000000,-32.7707596487846
2480000000,-32.7622840258651
2480000000,-32.7671646456672
2480000000,-32.7705890539918
2480000000,-32.7612322136479
2480000000,-32.7772104196324
2480000000,-32.7560427683004
2480000000,-32.7481293373025
2480000000,-32.7757573080291
2480000000,-32.7587370929772
2480000000,-32.7435916376248
2480000000,-32.7570497681986
2480000000,-32.7535367027409
2480000000,-32.7930201924691
2480000000,-32.7592128820842
2480000000,-32.7683056774168
2480000000,-32.7453439533072
2480000000,-32.7942727385519
2480000000,-32.7836218009998
2480000000,-32.757675316631
2480000000,-32.7431183784707
2480000000,-32.7457424103138
2480000000,-32.7699859045276
2480000000,-32.7672784831426
2480000000,-32.7633330178315
2480000000,-32.7646214675088
2480000000,-32.7573167789702
2480000000,-32.7434156071522
2480000000,-32.7764743782872
2480000000,-32.7535069534748
2480000000,-32.7569465438688
2480000000,-32.7771251870547
2480000000,-32.7309353350234
2480000000,-32.7761926465156
2480000000,-32.7297657896272
2480000000,-32.7716536796847
2480000000,-32.7459021431103
2480000000,-32.7701284518065
2480000000,-32.741966099298
2480000000,-32.7693466259237
2480000000,-32.7497763653806
2480000000,-32.760284685139
2480000000,-32.7516311932346
2480000000,-32.7965378816281
2480000000,-32.7661627548507
2480000000,-32.7418459860641
2480000000,-32.7442895311896
2480000000,-32.7569459068047
2480000000,-32.7488235575916
2480000000,-32.7274983204019
2480000000,-32.7339952869779
2480000000,-32.7435766327459
2480000000,-32.7249982198488
2480000000,-32.7443487883532
2480000000,-32.7387451718363
2480000000,-32.7403572353491
2480000000,-32.7330183640861
2480000000,-32.7435074005935
2480000000,-32.7121478017362
2480000000,-32.719719209813
2480000000,-32.7387916373945
2480000000,-32.726078680072
2480000000,-32.7304539288385
2480000000,-32.7462036779203
2480000000,-32.7240271769348
2480000000,-32.7332810224097
2480000000,-32.7110831821933
2480000000,-32.7159114324641
2480000000,-32.7063117596424
2480000000,-32.7674889452342
2480000000,-32.7367462294411
2480000000,-32.754479254915
2480000000,-32.7385246225296
2480000000,-32.7301014372617
2480000000,-32.7319936768429
2480000000,-32.7397050556057
2480000000,-32.7330419004514
2480000000,-32.7411281011362
2480000000,-32.9369704689106
2480000000,-32.7434823180772
2480000000,-32.7177950917279
2480000000,-32.7178972173353
2480000000,-32.7389951264227
2480000000,-32.7223380339753
2480000000,-32.7247354498336
2480000000,-32.6988295883852
2480000000,-32.7361767527943
2480000000,-32.7209758345561
2480000000,-32.7553297367223
2480000000,-32.729316872654
2480000000,-32.7024439565623
2480000000,-32.7356138141152
2480000000,-32.7154576197952
2480000000,-32.7224737736889
2480000000,-32.7283162169373
2480000000,-32.7130320385843
2480000000,-32.7380579715631
2480000000,-32.7353072477923
2480000000,-32.7763067875494
2480000000,-32.7413663897726
2480000000,-32.7109731266253
2480000000,-32.7254721447853
2480000000,-32.7306362585179
2480000000,-32.7218785794609
2480000000,-32.6719941734359
2480000000,-32.7263901523217
2480000000,-32.7277248457838
2480000000,-32.7223373736225
2480000000,-32.7207086858911
2480000000,-32.7299061995013
2480000000,-32.6781450265396
2480000000,-32.7189916714076
2480000000,-32.7072440959696
2480000000,-32.6979521300785
2480000000,-32.7105951274558
2480000000,-32.7125184726024
2480000000,-32.7257943894985
2480000000,-32.7242421155833
2480000000,-32.7088678614458
2480000000,-32.720501886136
2480000000,-32.7212858824779
2480000000,-32.7216194939975
2480000000,-32.7075347507172
2480000000,-32.7040713291967
2480000000,-32.7190421899896
2480000000,-32.7166298762684
2480000000,-32.7412996914912
2480000000,-32.7117514581427
2480000000,-32.7398676984072
2480000000,-32.7235327945327
2480000000,-32.7060749888834
2480000000,-32.72010377694
2480000000,-32.7262058912202
2480000000,-32.7228547855757
2480000000,-32.7029523096145
2480000000,-32.7223235892446
2480000000,-32.7203831801365
2480000000,-32.7271948252662
2480000000,-32.7231063009425
2480000000,-32.7191201926974
2480000000,-32.7032282683633
2480000000,-32.6921984291007
2480000000,-32.7321007746029
2480000000,-32.72720526819
2480000000,-32.7126742529333
2480000000,-32.696683272196
2480000000,-32.6974266563111
2480000000,-32.7182893705651
2480000000,-32.6829387505498
2480000000,-32.7003417245826
2480000000,-32.7021194807541
2480000000,-32.7237186312754
2480000000,-32.7071060908856
2480000000,-32.6850632786126
2480000000,-32.696237078768
2480000000,-32.7109910682204
2480000000,-32.7004121674346
2480000000,-32.6898874432679
2480000000,-32.7104771388694
2480000000,-32.6920522286013
2480000000,-32.6911090799336
2480000000,-32.6906639053429
2480000000,-32.6844537990602
2480000000,-32.6957438553582
2480000000,-32.6856059857694
2480000000,-32.6760201241982
2480000000,-32.7170860409179
2480000000,-32.6903084943513
2480000000,-32.7027388508716
2480000000,-32.6907433539211
2480000000,-32.6916445752826
2480000000,-32.6814875744488
2480000000,-32.6857419011191
2480000000,-32.6649358318712
2480000000,-32.6892012235615
2480000000,-32.7044938293213
2480000000,-32.694084385598
2480000000,-32.6591706558111
2480000000,-32.6850443025527
2480000000,-32.6837518944253
2480000000,-32.6797364066104
2480000000,-32.6746189430656
2480000000,-32.6832208976414
2480000000,-32.6912724639696
2480000000,-32.6601263129028
2480000000,-32.6900293605628
2480000000,-32.6755134325206
2480000000,-32.6550540416612
2480000000,-32.66486372667
2480000000,-32.6771305780262
2480000000,-32.6683151475918
2480000000,-32.6796416690859
2480000000,-32.6809627718856
2480000000,-32.6621075356942
2480000000,-32.6783252690666
2480000000,-32.6563899167243
2480000000,-32.6791752382218
2480000000,-32.6564468746078
2480000000,-32.647076684204
2480000000,-32.6708288421961
2480000000,-32.6387012949268
2480000000,-32.661441550896
2480000000,-32.6726616737154
2480000000,-32.6471425564439
2480000000,-32.6922667592428
2480000000,-32.3375623724696
2480000000,-32.6622589312855
2480000000,-32.6501224393343
2480000000,-32.6668900202759
2480000000,-32.6464134527779
2480000000,-32.6696305001669
2480000000,-32.6558838491537
2480000000,-32.6616240920656
2480000000,-32.6385886910363
2480000000,-32.6736791905871
2480000000,-32.6549949892589
2480000000,-32.6511388221639
2480000000,-32.6555972936847
2480000000,-32.6530037777695
2480000000,-32.6734020855452
2480000000,-32.6411836328636
2480000000,-32.6382757959999
2480000000,-32.648609141103
2480000000,-32.6615820923729
2480000000,-32.6488932274594
2480000000,-32.6488709148679
2480000000,-32.6497044362431
2480000000,-32.6585462130588
2480000000,-32.6473405348722
2480000000,-32.6503957516008
2480000000,-32.6431607023906
2480000000,-32.6404900821756
2480000000,-32.6351538924641
2480000000,-32.6496328718091
2480000000,-32.65399331325
2480000000,-32.6264606024491
2480000000,-32.6609987727006
2480000000,-32.6623532003664
2480000000,-32.6603336698503
2480000000,-32.644941886451
2480000000,-32.6240842643475
2480000000,-32.6283318445597
2480000000,-32.6298713259409
2480000000,-32.620633098239
2480000000,-32.6116475623826
2480000000,-32.622025725545
2480000000,-32.6238625525828
2480000000,-32.6175582154058
2480000000,-32.6221371602626
2480000000,-32.6172099225013
2480000000,-32.631826780012
2480000000,-32.6310773711592
2480000000,-32.6300584549178
2480000000,-32.6239388828472
2480000000,-32.6279885469631
2480000000,-32.6351707302912
2480000000,-32.5992400168133
2480000000,-32.6043763861194
2480000000,-32.6199294687027
2480000000,-32.6234112082177
2480000000,-32.5965325273286
2480000000,-32.6138076160205
2480000000,-32.6151624024201
2480000000,-32.6372835542492
2480000000,-32.6139524670241
2480000000,-32.6317948626647
2480000000,-32.6284917422571
2480000000,-32.6174385024002
2480000000,-32.6227057920418
2480000000,-32.6141174161962
2480000000,-32.6140797590653
2480000000,-32.6514322066871
2480000000,-32.6166499351984
2480000000,-32.5952542933081
2480000000,-32.6105388361492
2480000000,-32.6326523803558
2480000000,-32.6352220839744
2480000000,-32.6078032278048
2480000000,-32.6133914773912
2480000000,-32.5953320848887
2480000000,-32.6138640441138
2480000000,-32.591584133896
2480000000,-32.5835885925765
2480000000,-32.5789930715078
2480000000,-32.6104153039876
2480000000,-32.5898235366708
2480000000,-32.6050975761878
2480000000,-32.5834153191205
2480000000,-32.5811328163166
2480000000,-32.6005640957658
2480000000,-32.5934650565354
2480000000,-32.5912064678276
2480000000,-32.5883506143869
2480000000,-32.559804233293
2480000000,-32.5572110921373
2480000000,-32.5719133227302
2480000000,-32.5734689127422
2480000000,-32.5753329429682
2480000000,-32.5255570912323
2480000000,-32.5583546612543
2480000000,-32.5857170623287
2480000000,-32.5419978701712
2480000000,-32.5571849287335
2480000000,-32.5655250531151
2480000000,-32.5457835887179
2480000000,-32.5489438231368
2480000000,-32.5399949249841
2480000000,-32.5365356559753
2480000000,-32.533448480733
2480000000,-32.5291336831846
2480000000,-32.5570126131883
2480000000,-32.5403036629586
2480000000,-32.5399327668746
2480000000,-32.5404300122912
2480000000,-32.5279389490167
2480000000,-32.5242555150514
2480000000,-32.5464461209411
2480000000,-32.5670281366751
2480000000,-32.5324332633598
2480000000,-32.5239389365569
2480000000,-32.5180506214599
2480000000,-32.5631377049213
2480000000,-32.523976744314
2480000000,-32.5422098959445
2480000000,-32.547262774979
2480000000,-32.5563737155895
2480000000,-32.545245021082
2480000000,-32.5276618265101
2480000000,-32.5476147812302
2480000000,-32.5400712079134
2480000000,-32.5689900009208
2480000000,-32.5565480864881
2480000000,-32.5059323027973
2480000000,-32.521851846307
2480000000,-32.5174415569753
2480000000,-32.5070251178576
2480000000,-32.5316686593583
2480000000,-32.541329921852
2480000000,-32.5217909067016
2480000000,-32.491232097604
2480000000,-32.5176807277795
2480000000,-32.5082227965765
2480000000,-32.5097638321684
2480000000,-32.5214122319736
2480000000,-32.5199921020529
2480000000,-32.5335735664851
2480000000,-32.5325563123082
2480000000,-32.5094335626409
2480000000,-32.5210124869155
2480000000,-32.5221578313023
2480000000,-32.50563381252
2480000000,-32.5290918106768
2480000000,-32.5095616176853
2480000000,-32.5416493646128
2480000000,-32.4957662530721
2480000000,-32.5085864659159
2480000000,-32.4886309524699
2480000000,-32.4889409621253
2480000000,-32.5068302333846
2480000000,-32.4982643989927
2480000000,-32.5108440465108
2480000000,-32.5028262150864
2480000000,-32.4999264521543
2480000000,-32.4887459140528
2480000000,-32.5078588304115
2480000000,-32.5047959763722
2480000000,-32.5055877691774
2480000000,-32.4880564508107
2480000000,-32.475274884947
2480000000,-32.4770630072734
2480000000,-32.4843075201969
2480000000,-32.465430606131
2480000000,-32.4843584375144
2480000000,-32.4850337065139
2480000000,-32.3966421023104
2480000000,-32.489213690821
2480000000,-32.4848638825778
2480000000,-32.4845150035097
2480000000,-32.5328627453099
2480000000,-32.4753612467808
2480000000,-32.4879127146614
2480000000,-32.4885149570636
2480000000,-32.4557111420288
2480000000,-32.4484691360265
2480000000,-32.4845847330741
2480000000,-32.4919110488615
2480000000,-32.4780099298416
2480000000,-32.4814581277415
2480000000,-32.4848092712875
2480000000,-32.4977304374097
2480000000,-32.481604679115
2480000000,-32.4708256335778
2480000000,-32.4707928186275
2480000000,-32.5105219223725
2480000000,-32.4904046418399
2480000000,-32.4938340293804
2480000000,-32.4738039653765
2480000000,-32.4625804134164
2480000000,-32.4859515763107
2480000000,-32.4847112889043
2480000000,-32.4835675743716
2480000000,-32.4927177030979
2480000000,-32.4641524625162
2480000000,-32.4637157998095
2480000000,-32.4763678589552
2480000000,-32.4776239881444
2480000000,-32.4679367385879
2480000000,-32.4504387703221
2480000000,-32.4697344486827
2480000000,-32.4718895102007
2480000000,-32.479372841529
2480000000,-32.4513793462077
2480000000,-32.4543275556332
2480000000,-32.4533714026399
2480000000,-32.4670937996842
2480000000,-32.4872746329762
2480000000,-32.4442600052467
2480000000,-32.4555676887441
2480000000,-32.4496819446353
2480000000,-32.4470523544399
2480000000,-32.4636865978725
2480000000,-32.4509848682844
2480000000,-32.4424215981145
2480000000,-32.4408303884135
2480000000,-32.4442081267499
2480000000,-32.4656618536324
2480000000,-32.4493005937978
2480000000,-32.4602298940124
2480000000,-32.4501804090481
2480000000,-32.4384308425819
2480000000,-32.4344763071031
2480000000,-32.4359685352617
2480000000,-32.4374777069231
2480000000,-32.4476320509
2480000000,-32.444871159702
2480000000,-32.4826240006373
2480000000,-32.4517453963555
2480000000,-32.4509538037333
2480000000,-32.4374009316029
2480000000,-32.4463492213855
2480000000,-32.4601054966811
2480000000,-32.4427252755615
2480000000,-32.4313013212068
2480000000,-32.4506169989359
2480000000,-32.4248757452315
2480000000,-32.4216984440056
2480000000,-32.4270543584056
2480000000,-32.4357536326015
2480000000,-32.4499715546858
2480000000,-32.4419553670277
2480000000,-32.4241683220076
2480000000,-32.4130785980254
2480000000,-32.4125224512727
2480000000,-32.4282726816095
2480000000,-32.4085629100638
2480000000,-32.4319156220289
2480000000,-32.4193586299516
2480000000,-32.4317452671918
2480000000,-32.4123104589493
2480000000,-32.4133346118287
2480000000,-32.4306410412735
2480000000,-32.421515312736
2480000000,-32.4132136381578
2480000000,-32.4152401969232
2480000000,-32.4259361078431
2480000000,-32.411615712943
2480000000,-32.4284989919846
2480000000,-32.4264424194765
2480000000,-32.409144051567
2480000000,-32.3980634426786
2480000000,-32.4189056877847
2480000000,-32.4053106439288
2480000000,-32.431970436203
2480000000,-32.4018830757189
2480000000,-32.4191700011894
2480000000,-32.4066090340263
2480000000,-32.4027998753391
2480000000,-32.3942837514415
2480000000,-32.4089109185023
2480000000,-32.4067493987532
2480000000,-32.4140593066392
2480000000,-32.4249830954989
2480000000,-32.392265205815
2480000000,-32.3845581549164
2480000000,-32.3921595805474
2480000000,-32.396275597575
2480000000,-32.4149558140131
2480000000,-32.4206971755125
2480000000,-32.3946486755134
2480000000,-32.3963262557069
2480000000,-32.3782555468228
2480000000,-32.3866759591073
2480000000,-32.4123624239819
2480000000,-32.4021289622958
2480000000,-32.3933672878151
2480000000,-32.4223605033863
2480000000,-32.4000840681058
2480000000,-32.3956747058232
2480000000,-32.3921611433176
2480000000,-32.4004912011888
2480000000,-32.3940007710742
2480000000,-32.3982411520628
2480000000,-32.3831238064622
2480000000,-32.3885609792211
2480000000,-32.2768682798451
2480000000,-32.3774191873489
2480000000,-32.3821717645101
2480000000,-32.3734625388042
2480000000,-32.3764406408675
2480000000,-32.3972073022767
2480000000,-32.3606027115058
2480000000,-32.3676651732869
2480000000,-32.3700592684135
2480000000,-32.3766212372623
2480000000,-32.3834397642231
2480000000,-32.3792001328957
2480000000,-32.3694572892792
2480000000,-32.3627167629562
2480000000,-32.3807842549053
2480000000,-32.3594672201997
2480000000,-32.3803025551964
2480000000,-32.3442722475107
2480000000,-32.3555465412648
2480000000,-32.3778667957175
2480000000,-32.3491269120041
2480000000,-32.3595877433293
2480000000,-32.3542846637527
2480000000,-32.3433831205069
2480000000,-32.3527096660148
2480000000,-32.3438612846462
2480000000,-32.3495045866436
2480000000,-32.3364399099813
2480000000,-32.3601097855615
2480000000,-32.3440130804032
2480000000,-32.3514919844224
2480000000,-32.331062029554
2480000000,-32.3342222103619
2480000000,-32.3568624850313
2480000000,-32.3543521130422
2480000000,-32.3469333865915
2480000000,-32.3381204907414
2480000000,-32.317429400094
2480000000,-32.3180627277126
2480000000,-32.3454072068582
2480000000,-32.3198353179119
2480000000,-32.3261217981651
2480000000,-32.324660694075
2480000000,-32.3099615461447
2480000000,-32.3168705378627
2480000000,-32.3131468117302
2480000000,-32.347291948022
2480000000,-32.3416306833127
2480000000,-32.3298354263087
2480000000,-32.3048469955625
2480000000,-32.326916155685
2480000000,-32.3105958386479
2480000000,-32.3150658795071
2480000000,-32.3104447882448
2480000000,-32.3419200861618
2480000000,-32.328333597894
2480000000,-32.3142717288988
2480000000,-32.3299866222487
2480000000,-32.3166864868295
2480000000,-32.3074201219849
2480000000,-32.3175012764472
2480000000,-32.3052209333355
2480000000,-32.3189159511317
2480000000,-32.3245989168354
2480000000,-32.3270393875132
2480000000,-32.3074518346166
2480000000,-32.3035918535221
2480000000,-32.3238906290735
2480000000,-32.3109923540766
2480000000,-32.2855578431616
2480000000,-32.2822594147482
2480000000,-32.2601432908516
2480000000,-32.2912613886658
2480000000,-32.312078842959
2480000000,-32.3012599897948
2480000000,-32.2861403346412
2480000000,-32.3335315154851
2480000000,-32.275110971282
2480000000,-32.2825516581771
2480000000,-32.2900925855998
2480000000,-32.2937009669273
2480000000,-32.2927721505448
2480000000,-32.2788266868122
2480000000,-32.2816747872954
2480000000,-32.2859475954757
2480000000,-32.3025031147164
2480000000,-32.2935276915063
2480000000,-32.2876909026232
2480000000,-32.2740526401982
2480000000,-32.2646470566886
2480000000,-32.2747032878184
2480000000,-32.2909655818483
2480000000,-32.2992026834823
2480000000,-32.2935707414398
2480000000,-32.2818603971478
2480000000,-32.2577190633161
2480000000,-32.2478685240445
2480000000,-32.2865096862461
2480000000,-32.2755210259692
2480000000,-32.2692947879774
2480000000,-32.2697513087032
2480000000,-32.2779529050575
2480000000,-32.266000976754
2480000000,-32.274061107023
2480000000,-32.2420129164455
2480000000,-32.2773942087111
2480000000,-32.2677246696025
2480000000,-32.289308610067
2480000000,-32.2621214840824
2480000000,-32.257727158627
2480000000,-32.2624324588844
2480000000,-32.2363547466498
2480000000,-32.2494768280776
2480000000,-32.2534927503913
2480000000,-32.247667062431
2480000000,-32.2655248532652
2480000000,-32.2559758906325
2480000000,-32.2474337974544
2480000000,-32.2274451889222
2480000000,-32.2223675098399
2480000000,-32.2267056476189
2480000000,-32.2356527700662
2480000000,-32.2177367344693
2480000000,-32.2045358767267
2480000000,-32.2147646488
2480000000,-32.2354517089337
2480000000,-32.2284787094524
2480000000,-32.2238253003576
2480000000,-32.2097930912412
2480000000,-32.2176964528637
2480000000,-32.2352859244568
2480000000,-32.2445108717137
2480000000,-32.2289497953573
2480000000,-32.1952227046537
2480000000,-32.2387445281742
2480000000,-32.1986936336228
2480000000,-32.2008667898018
2480000000,-32.2075372157694
2480000000,-32.2101267077064
2480000000,-32.2141906619206
2480000000,-32.1889218808131
2480000000,-32.2397401209319
2480000000,-32.2008737262101
2480000000,-32.2071390016417
2480000000,-32.208944095997
2480000000,-32.1997584410818
2480000000,-32.1919912198356
2480000000,-32.2188222083679
2480000000,-32.2028417401989
2480000000,-32.1995561729822
2480000000,-32.1750213609118
2480000000,-32.2041500430424
2480000000,-32.1816381044132
2480000000,-32.1952203472049
2480000000,-32.1847793450946
2480000000,-32.1991107098034
2480000000,-32.2016526656622
2480000000,-32.1557805325966
2480000000,-32.1740680106546
2480000000,-32.1801372123715
2480000000,-32.1608564824406
2480000000,-32.1522043922097
2480000000,-32.178684132063
2480000000,-32.1982339059688
2480000000,-32.1585915249968
2480000000,-32.1789442776138
2480000000,-32.1671462285601
2480000000,-32.1417406238196
2480000000,-32.1560971747926
2480000000,-32.1216401116212
2480000000,-32.1272515131324
2480000000,-32.1416936528038
2480000000,-32.1466823774483
2480000000,-32.1413921509383
2480000000,-32.1582051367744
2480000000,-32.1476433160206
2480000000,-32.1284927125674
2480000000,-32.1222563363545
2480000000,-32.1301153950505
2480000000,-32.1413942058136
2480000000,-32.1436886857868
2480000000,-32.1480055849074
2480000000,-32.1321596940038
2480000000,-32.1050082651356
2480000000,-32.1209695695682
2480000000,-32.1363431530613
2480000000,-32.1160812262042
2480000000,-32.1226451428406
2480000000,-32.1428264214449
2480000000,-32.095667864962
2480000000,-32.1340954544848
2480000000,-32.104154406785
2480000000,-32.109832635592
2480000000,-32.0865596249087
2480000000,-32.0976957059673
2480000000,-32.1219543459193
2480000000,-32.1023945726943
2480000000,-32.1263084430616
2480000000,-32.1085058716056
2480000000,-32.1017013027233
2480000000,-32.1018102131556
2480000000,-32.1033837047513
2480000000,-32.1022848000586
2480000000,-32.0979786413182
2480000000,-32.0969524792466
2480000000,-32.0887238303449
2480000000,-32.0939055491207
2480000000,-32.0975208350006
2480000000,-32.0737320366099
2480000000,-32.0700684113114
2480000000,-32.0639812230467
2480000000,-32.0914620311319
2480000000,-32.0824293479598
2480000000,-32.066800103161
2480000000,-32.0626779557007
2480000000,-32.0928486927076
2480000000,-32.0743416264712
2480000000,-32.0434276767
2480000000,-32.0726836606942
2480000000,-32.0787594973105
2480000000,-32.0473029835241
2480000000,-32.0306681925125
2480000000,-32.0491897914882
2480000000,-32.0449729451044
2480000000,-32.0436252115323
2480000000,-32.0559352316749
2480000000,-32.0439052450048
2480000000,-32.0430730950575
2480000000,-32.0538890984812
2480000000,-32.0384051333759
2480000000,-32.0249466772171
2480000000,-32.0405554392138
2480000000,-32.0504268058826
2480000000,-32.0358372846425
2480000000,-32.033808905919
2480000000,-32.0145029078316
2480000000,-32.051504003205
2480000000,-32.0371168776919
2480000000,-32.0319401776243
2480000000,-32.0297833571932
2480000000,-32.0335607317067
2480000000,-32.0083660765619
2480000000,-32.027378230446
2480000000,-32.0171026852226
2480000000,-32.0063158231382
2480000000,-32.0103353504908
2480000000,-32.0261512712449
2480000000,-32.0069319549287
2480000000,-32.0405283485977
2480000000,-32.0108081952081
2480000000,-31.9816057819273
2480000000,-32.0000702997171
2480000000,-31.9993908936516
2480000000,-31.9923850744752
2480000000,-31.9868709282102
2480000000,-31.9890811213429
2480000000,-32.0109599238034
2480000000,-31.9738694663898
2480000000,-31.9902142690285
2480000000,-31.9976666660919
2480000000,-31.9805477842748
2480000000,-31.9919062815882
2480000000,-32.0032270068129
2480000000,-31.9827102766597
2480000000,-31.986221331022
2480000000,-31.9939332680769
2480000000,-31.9649294294644
2480000000,-31.9682058432804
2480000000,-31.9395900365208
2480000000,-31.9769708303244
2480000000,-31.9767293362973
2480000000,-31.9700606635391
2480000000,-31.9898426635897
2480000000,-31.9749328036868
2480000000,-31.9572593494785
2480000000,-31.9826634013992
2480000000,-31.9577912889157
2480000000,-31.9619974028971
2480000000,-31.9731330030958
2480000000,-31.9565544473735
2480000000,-31.9389102211828
2480000000,-31.9476701199935
2480000000,-31.958881776129
2480000000,-31.9466248205862
2480000000,-31.9325872346702
2480000000,-31.9672235922636
2480000000,-31.9552173112087
2480000000,-31.9325447650216
2480000000,-31.9485820798768
2480000000,-31.9282047244202
2480000000,-31.9449081805841
2480000000,-31.8973115895093
2480000000,-31.9418639747802
2480000000,-31.9363829989022
2480000000,-31.9399919169789
2480000000,-31.9232065457668
2480000000,-31.9360859350524
2480000000,-31.9190408525218
2480000000,-31.9092560596394
2480000000,-31.9422402584372
2480000000,-31.9216330526414
2480000000,-31.9276566986756
2480000000,-31.9321139811435
2480000000,-31.9354977384218
2480000000,-31.9368981703957
2480000000,-31.9122542010026
2480000000,-31.8887516396382
2480000000,-31.9194637452947
2480000000,-31.926223851953
2480000000,-31.8905962271346
2480000000,-31.9056466588219
2480000000,-31.9101975857416
2480000000,-31.9101295885769
2480000000,-31.8896079777407
2480000000,-31.9231664436069
2480000000,-31.9284153849982
2480000000,-31.8907182364124
2480000000,-31.9041072657268
2480000000,-31.8790240499531
2480000000,-31.901432365064
2480000000,-31.9069665047992
2480000000,-31.8821186203714
2480000000,-31.8951151313564
2480000000,-31.9154409296995
2480000000,-31.8951526548012
2480000000,-31.8838904010411
2480000000,-31.8717091095316
2480000000,-31.8867347006391
2480000000,-31.8710635660518
2480000000,-31.8629808547205
2480000000,-31.8752554420164
2480000000,-31.8713013282522
2480000000,-31.8564526960363
2480000000,-31.8624337542833
2480000000,-31.8478776207467
2480000000,-31.8631155216176
2480000000,-31.8488906638099
2480000000,-31.8449974939596
2480000000,-31.8242463614358
2480000000,-31.8560063813657
2480000000,-31.8502342605973
2480000000,-31.8260033350065
2480000000,-31.836992347011
2480000000,-31.8428323397762
2480000000,-31.8563087974692
2480000000,-31.8133697649013
2480000000,-31.8267614412537
2480000000,-31.8210245454142
2480000000,-31.8288326991644
2480000000,-31.8325006718311
2480000000,-31.8171485063098
2480000000,-31.8285452290352
2480000000,-31.8075163302938
2480000000,-31.8302819792629
2480000000,-31.8009435726456
2480000000,-31.7786428922211
2480000000,-31.7969618908429
2480000000,-31.8001346904234
2480000000,-31.7941515115147
2480000000,-31.7959304410868
2480000000,-31.7821376708598
2480000000,-31.7790732208199
2480000000,-31.7983420256177
2480000000,-31.7863009510103
2480000000,-31.7850159847089
2480000000,-31.766238231238
2480000000,-31.7976697186923
2480000000,-31.7728217716598
2480000000,-31.7886881979299
2480000000,-31.7569047706837
2480000000,-31.7658378778197
2480000000,-31.7630775044858
2480000000,-31.7925616348789
2480000000,-31.7841293005914
2480000000,-31.7751570412233
2480000000,-31.7655724070992
2480000000,-31.909005007611
2480000000,-31.7611662768708
2480000000,-31.758678492016
2480000000,-31.7587256575989
2480000000,-31.7483857588631
2480000000,-31.7531733447879
2480000000,-31.7906407871478
2480000000,-31.7517993085617
2480000000,-31.7299872515596
2480000000,-31.7415716953118
2480000000,-31.7510158620932
2480000000,-31.7510397578569
2480000000,-31.7683311226292
2480000000,-31.7470618317093
2480000000,-31.7279446925459
2480000000,-31.7447255555374
2480000000,-31.7509095952124
2480000000,-31.6668487012337
2480000000,-31.7339887989513
2480000000,-31.7505125012508
2480000000,-31.7413072118221
2480000000,-31.7500394909636
2480000000,-31.7169996890549
2480000000,-31.7353837456745
2480000000,-31.7380739963903
2480000000,-31.7365889005828
2480000000,-31.732809996529
2480000000,-31.7367476831584
2480000000,-31.7211631190915
2480000000,-31.7374303203396
2480000000,-31.7037343502555
2480000000,-31.7095113739615
2480000000,-31.7134483287695
2480000000,-31.7283182739765
2480000000,-31.6991973302225
2480000000,-31.7083871499193
2480000000,-31.6991144976988
2480000000,-31.7183070245847
2480000000,-31.7160912429507
2480000000,-31.7261209408356
2480000000,-31.6997572320663
2480000000,-31.7096535931625
2480000000,-31.6995510487771
2480000000,-31.7090455254375
2480000000,-31.6803365598592
2480000000,-31.6850877852748
2480000000,-31.693347861757
2480000000,-31.6902410846967
2480000000,-31.6957603612028
2480000000,-31.6740174728171
2480000000,-31.6842259559825
2480000000,-31.6535490522497
2480000000,-31.6608340116182
2480000000,-31.682371092133
2480000000,-31.6645360602817
2480000000,-31.6771178769601
2480000000,-31.6732058744463
2480000000,-31.6839023717368
2480000000,-31.6546591383136
2480000000,-31.6552937723164
2480000000,-31.6496515366725
2480000000,-31.6607084043173
2480000000,-31.6586010138983
2480000000,-31.6338340512627
2480000000,-31.6527740132342
2480000000,-31.6533883232996
2480000000,-31.6578699578249
2480000000,-31.6454954667071
2480000000,-31.6557797468222
2480000000,-31.6621914182094
2480000000,-31.618419329361
2480000000,-31.6301569131841
2480000000,-31.595897215461
2480000000,-31.6131931766759
2480000000,-31.6450120646692
2480000000,-31.6298280289987
2480000000,-31.6257699296447
2480000000,-31.6156726392108
2480000000,-31.6366095788302
2480000000,-31.5942100112479
2480000000,-31.6041080075319
2480000000,-31.5966459125623
2480000000,-31.6019801836478
2480000000,-31.5915526193256
2480000000,-31.5973526097269
2480000000,-31.5844099887924
2480000000,-31.5952113623363
2480000000,-31.5830532908287
2480000000,-31.8360640908577
2480000000,-31.5678735192921
2480000000,-31.5605892384717
2480000000,-31.5698068711435
2480000000,-31.5594908092923
2480000000,-31.56376636572
2480000000,-31.5648894928133
2480000000,-31.5790766845228
2480000000,-31.5763035582716
2480000000,-31.5467624302989
2480000000,-31.5599170497966
2480000000,-31.5654353568688
2480000000,-31.56542120115
2480000000,-31.5599047425791
2480000000,-31.5390770779385
2480000000,-31.5405760346598
2480000000,-31.5489976155509
2480000000,-31.5528938598697
2480000000,-31.5429515413147
2480000000,-31.5555233504867
2480000000,-31.5411004110146
2480000000,-31.5143981217857
2480000000,-31.5102582564224
2480000000,-31.5184657483938
2480000000,-31.5179509093325
2480000000,-31.5191749046694
2480000000,-31.5259469738883
2480000000,-31.510431219687
2480000000,-31.5200845494495
2480000000,-31.5214466957465
2480000000,-31.5180506636716
2480000000,-31.49942100957
2480000000,-31.5232837974874
2480000000,-31.4925950455836
2480000000,-31.5101460316126
2480000000,-31.5053040961486
2480000000,-31.4751769193077
2480000000,-31.4916461137517
2480000000,-31.4961257749967
2480000000,-31.4871812306103
2480000000,-31.4979196966418
2480000000,-31.4658713331284
2480000000,-31.4721061157859
2480000000,-31.4863201003513
2480000000,-31.4770897450535
2480000000,-31.4744778588844
2480000000,-31.4673332850594
2480000000,-31.4691371716871
2480000000,-31.4778724732366
2480000000,-31.4687746795992
2480000000,-31.4615382519926
2480000000,-31.4574356842163
2480000000,-31.4858156040664
2480000000,-31.446107871221
2480000000,-31.4468673039953
2480000000,-31.4601687024853
2480000000,-31.4349861515704
2480000000,-31.4454706811387
2480000000,-31.4489650308167
2480000000,-31.4521997281112
2480000000,-31.4591318657728
2480000000,-31.4217839216947
2480000000,-31.4281026635574
2480000000,-31.4360658762845
2480000000,-31.4351860972487
2480000000,-31.4550785934178
2480000000,-31.4356848942624
2480000000,-31.4113651340728
2480000000,-31.4396272587532
2480000000,-31.4364959027581
2480000000,-31.4180608396139
2480000000,-31.4242240358258
2480000000,-31.4392497742367
2480000000,-31.4020997415229
2480000000,-31.4247252759645
2480000000,-31.3994823180523
2480000000,-31.4125507363214
2480000000,-31.422331672558
2480000000,-31.4021136078164
2480000000,-31.4052114808595
2480000000,-31.4115995647902
2480000000,-31.4205543288158
2480000000,-31.4054143994327
2480000000,-31.4291318370106
2480000000,-31.3775005187336
2480000000,-31.3978343010917
2480000000,-31.3847705946804
2480000000,-31.398851432706
2480000000,-31.3636759923262
2480000000,-31.3840049368479
2480000000,-31.3720240643778
2480000000,-31.3773613059976
2480000000,-31.3889073239829
2480000000,-31.3906750641721
2480000000,-31.3884365654248
2480000000,-31.3783308150231
2480000000,-31.3840797727218
2480000000,-31.3738719297582
2480000000,-31.3805139870468
2480000000,-31.3630814948581
2480000000,-31.368945908534
2480000000,-31.387293411089
2480000000,-31.3690308124165
2480000000,-31.3919501111894
2480000000,-31.3796941253639
2480000000,-31.3562172430522
2480000000,-31.3655290187232
2480000000,-31.3490367402736
2480000000,-31.3282460526767
2480000000,-31.3348818341954
2480000000,-31.3426891925535
2480000000,-31.3449510221885
2480000000,-31.328745886804
2480000000,-31.3404299906684
2480000000,-31.3374570426237
2480000000,-31.3649495416525
2480000000,-31.3300994734268
2480000000,-31.3493814920967
2480000000,-31.3540220200825
2480000000,-31.3028873669412
2480000000,-31.5179491144702
2480000000,-31.3221973607445
2480000000,-31.34513463736
2480000000,-31.3238341341595
2480000000,-31.323851852631
2480000000,-31.3326690877644
2480000000,-31.3305663336709
2480000000,-31.3219593383332
2480000000,-31.3110268303392
2480000000,-31.3046465718894
2480000000,-31.3046328820057
2480000000,-31.3051561591936
2480000000,-31.2798452692604
2480000000,-31.2866937606808
2480000000,-31.2885727080349
2480000000,-31.2884546692113
2480000000,-31.2829103380226
2480000000,-31.262698332217
2480000000,-31.2758049375225
2480000000,-31.2848351630716
2480000000,-31.3047905341031
2480000000,-31.2609254605913
2480000000,-31.2802263011342
2480000000,-31.2904703915408
2480000000,-31.261622065366
2480000000,-31.269080235905
2480000000,-31.272544152433
2480000000,-31.2421384771272
2480000000,-31.2464637404041
2480000000,-31.2408961319853
2480000000,-31.2413280230403
2480000000,-31.2294832385431
2480000000,-31.2438133065921
2480000000,-31.2476757992983
2480000000,-31.2315930895304
2480000000,-31.2376390071817
2480000000,-31.2122611240099
2480000000,-31.1992717862603
2480000000,-31.2232890720104
2480000000,-31.2056214913487
2480000000,-31.1994939606685
2480000000,-31.1915640355553
2480000000,-31.1828719423397
2480000000,-31.2015241734406
2480000000,-31.1757668250043
2480000000,-31.1830325992955
2480000000,-31.1889303918519
2480000000,-31.1795624321765
2480000000,-31.1713515841767
2480000000,-31.1871283293836
2480000000,-31.157843517661
2480000000,-31.1611529939747
2480000000,-31.1785794160107
2480000000,-31.1470590518768
2480000000,-31.1588072707973
2480000000,-31.1478769935919
2480000000,-31.1539732921732
2480000000,-31.1457295968959
2480000000,-31.1514511120752
2480000000,-31.1262105835493
2480000000,-31.142968121068
2480000000,-31.124913243427
2480000000,-31.114922449618
2480000000,-31.1322751962757
2480000000,-31.1302104461266
2480000000,-31.1446777797368
2480000000,-31.1259850176061
2480000000,-31.1131633268845
2480000000,-31.1165288749137
2480000000,-31.1173658468569
2480000000,-31.1225788483325
2480000000,-31.0828876570595
2480000000,-31.1069001675522
2480000000,-31.0922704973973
2480000000,-31.0761423319072
2480000000,-31.0932735960773
2480000000,-31.0961126967936
2480000000,-31.1012023099648
2480000000,-31.0675527276974
2480000000,-31.0821337809813
2480000000,-31.0903250561627
2480000000,-31.0605767616443
2480000000,-31.0566528949583
2480000000,-31.0612104635182
2480000000,-31.0395298088404
2480000000,-31.0381638753547
2480000000,-31.0541069382327
2480000000,-31.0664753835674
2480000000,-31.0159905635579
2480000000,-31.0408080622997
2480000000,-31.0506081057169
2480000000,-31.0134329654242
2480000000,-31.0335082718003
2480000000,-31.0189799745425
2480000000,-31.0137626299881
2480000000,-31.024792022836
2480000000,-30.9925880211631
2480000000,-31.0107101629608
2480000000,-30.9728695473386
2480000000,-30.9896267052263
2480000000,-31.0002715980924
2480000000,-30.9929243562251
2480000000,-30.9987939631551
2480000000,-30.9861811486173
2480000000,-30.9709704243822
2480000000,-30.979693441861
2480000000,-31.0046688996188
2480000000,-30.9670321628799
2480000000,-30.9587083682985
2480000000,-30.9667921024242
2480000000,-30.9506068340517
2480000000,-30.9530492596291
2480000000,-30.9405937439103
2480000000,-30.9455656846476
2480000000,-30.9430952201608
2480000000,-30.9522828258894
2480000000,-30.9393590512998
2480000000,-30.9259170934294
2480000000,-30.9477565528428
2480000000,-30.9313414564421
2480000000,-30.9221183637106
2480000000,-30.9226568302916
2480000000,-30.9293122743515
2480000000,-30.9113915557156
2480000000,-30.9141857488664
2480000000,-30.91317378627
2480000000,-30.9058253959007
2480000000,-30.913654468195
2480000000,-30.8910068001489
2480000000,-30.9126732426182
2480000000,-30.8720628941424
2480000000,-30.8949579142242
2480000000,-30.8770900853333
2480000000,-30.8681085046845
2480000000,-30.8831546005869
2480000000,-30.8636775559509
2480000000,-30.8575425211452
2480000000,-30.8872783122024
2480000000,-30.8585049026746
2480000000,-30.85073818117
2480000000,-30.8289139140781
2480000000,-30.8440034203739
2480000000,-30.8357024418324
2480000000,-30.8261844446685
2480000000,-30.8449388511082
2480000000,-30.8427022035841
2480000000,-30.8142284502835
2480000000,-30.7969670764133
2480000000,-30.8154399295571
2480000000,-30.8240243944576
2480000000,-30.8188241305933
2480000000,-30.8044251399754
2480000000,-30.7954079829538
2480000000,-30.8118401938432
2480000000,-30.7925895407882
2480000000,-30.7969214243664
2480000000,-30.7792628348531
2480000000,-30.7903638952401
2480000000,-30.7775346181037
2480000000,-30.7640171274479
2480000000,-30.7802372789567
2480000000,-30.7698979119124
2480000000,-30.7422973314412
2480000000,-30.7511520556572
2480000000,-30.7494932874941
2480000000,-30.7562475731106
2480000000,-30.7544106574201
2480000000,-30.7390213128954
2480000000,-30.7347780741306
2480000000,-30.7409948020549
2480000000,-30.7130836657545
2480000000,-30.7272860204471
2480000000,-30.7144021828025
2480000000,-30.7054274173155
2480000000,-30.7221345738894
2480000000,-30.6874460427878
2480000000,-30.5197714486431
2480000000,-30.7016973136851
2480000000,-30.6965400010439
2480000000,-30.7007317270056
2480000000,-30.6826659109975
2480000000,-30.6858666921453
2480000000,-30.6813332334121
2480000000,-30.6864048666617
2480000000,-30.6830284710213
2480000000,-30.6618616902794
2480000000,-30.6597059690959
2480000000,-30.6488299474406
2480000000,-30.656697839429
2480000000,-30.6517643873541
2480000000,-30.6424443413695
2480000000,-30.6689072147783
2480000000,-30.6355447770562
2480000000,-30.6469768416312
2480000000,-30.6354248704249
2480000000,-30.6331835827421
2480000000,-30.6263306445149
2480000000,-30.6373893026209
2480000000,-30.6315016595919
2480000000,-30.6241001974293
2480000000,-30.6222358417897
2480000000,-30.6208982441877
2480000000,-30.6078111142907
2480000000,-30.5885608399068
2480000000,-30.598705010578
2480000000,-30.5949950471162
2480000000,-30.6006371347625
2480000000,-30.5974776285543
2480000000,-30.6060729174336
2480000000,-30.5912322456851
2480000000,-30.5921349748943
2480000000,-30.5737087890775
2480000000,-30.5519692496421
2480000000,-30.5736603872969
2480000000,-30.546131100669
2480000000,-30.5762185020168
2480000000,-30.5695880450087
2480000000,-30.5770847193767
2480000000,-30.5605235139852
2480000000,-30.5516433080111
2480000000,-30.5850982841551
2480000000,-30.5440038342107
2480000000,-30.567061623581
2480000000,-30.5659289740722
2480000000,-30.5682640819208
2480000000,-30.5343418929168
2480000000,-30.5499988401088
2480000000,-30.5336429940777
2480000000,-30.5357775049896
2480000000,-30.5182604896478
2480000000,-30.5191028677434
2480000000,-30.537241646368
2480000000,-30.548399019396
2480000000,-30.5097184657445
2480000000,-30.4909897350922
2480000000,-30.5177976235653
2480000000,-30.5014269690379
2480000000,-30.5036449722393
2480000000,-30.5011556448801
2480000000,-30.4980407662558
2480000000,-30.4997876374127
2480000000,-30.5057671120297
2480000000,-30.4828861800679
2480000000,-30.5045261614612
2480000000,-30.476084906031
2480000000,-30.4928618265826
2480000000,-30.4789522337722
2480000000,-30.5010717687536
2480000000,-30.4865738364847
2480000000,-30.4924374296336
2480000000,-30.4740352699829
2480000000,-30.4848033452254
2480000000,-30.4873457829901
2480000000,-30.4535294084156
2480000000,-30.4723949624509
2480000000,-30.4403350334142
2480000000,-30.4790049575536
2480000000,-30.4619333480322
2480000000,-30.4616332363526
2480000000,-30.443053618269
2480000000,-30.4530682188721
2480000000,-30.4488047452156
2480000000,-30.4607176727512
2480000000,-30.4307089364241
2480000000,-30.4381954273564
2480000000,-30.4308443866449
2480000000,-30.4317195854405
2480000000,-30.426826247712
2480000000,-30.456070578455
2480000000,-30.4457627167008
2480000000,-30.4092841427923
2480000000,-30.4301274645909
2480000000,-30.4264693015795
2480000000,-30.4201501884384
2480000000,-30.4116436192127
2480000000,-30.4123269874682
2480000000,-30.4093752446009
2480000000,-30.4132780621208
2480000000,-30.4094403960619
2480000000,-30.4257158501974
2480000000,-30.4014586180179
2480000000,-30.4078284327909
2480000000,-30.4164491488027
2480000000,-30.4079568786881
2480000000,-30.3957048431755
2480000000,-30.3916761256868
2480000000,-30.3836626902114
2480000000,-30.3889227955855
2480000000,-30.3850676547925
2480000000,-30.387696220741
2480000000,-30.3909547264174
2480000000,-30.388034665782
2480000000,-30.3815736835283
2480000000,-30.3866491577701
2480000000,-30.376169024142
2480000000,-30.5368668756701
2480000000,-30.3768880082963
2480000000,-30.3753677846354
2480000000,-30.3710818857746
2480000000,-30.3648892348518
2480000000,-30.3527270338682
2480000000,-30.348539578044
2480000000,-30.3559608751746
2480000000,-30.3658533908056
2480000000,-30.3379112483734
2480000000,-30.361214077796
2480000000,-30.3585571196559
2480000000,-30.3455968053029
2480000000,-30.3532924420936
2480000000,-30.3519669062188
2480000000,-30.3352181850379
2480000000,-30.3464316238587
2480000000,-30.3295206697898
2480000000,-30.3578966109795
2480000000,-30.3423302338425
2480000000,-30.3352193620834
2480000000,-30.3318540427647
2480000000,-30.3237400807623
2480000000,-30.3281839277286
2480000000,-30.3087220217881
2480000000,-30.3118406846483
2480000000,-30.3073934347367
2480000000,-30.3297262718232
2480000000,-30.2931281853003
2480000000,-30.3125098809524
2480000000,-30.3084904562324
2480000000,-30.2934152759504
2480000000,-30.3060848789111
2480000000,-30.3008081944332
2480000000,-30.3014182335307
2480000000,-30.3183459701574
2480000000,-30.292236702665
2480000000,-30.297744997328
2480000000,-30.2949907157271
2480000000,-30.2822133195448
2480000000,-30.2930130885395
2480000000,-30.2766280174495
2480000000,-30.2695160740168
2480000000,-30.2950714982413
2480000000,-30.2706280211544
2480000000,-30.2825024286472
2480000000,-30.2645453339153
2480000000,-30.2788079866485
2480000000,-30.2732055752919
2480000000,-30.2727393560743
2480000000,-30.265098852954
2480000000,-30.2539074893696
2480000000,-30.2554573442457
2480000000,-30.267710740102
2480000000,-30.2768552366066
2480000000,-30.248755316913
2480000000,-30.2506810587167
2480000000,-30.238326265602
2480000000,-30.2488831004445
2480000000,-30.2533047672711
2480000000,-30.2535825831885
2480000000,-30.2575013443557
2480000000,-30.2292569539343
2480000000,-30.2312847692591
2480000000,-30.225681501618
2480000000,-30.2014432457618
2480000000,-30.2091425551667
2480000000,-30.2094738509913
2480000000,-30.2149435380456
2480000000,-30.2324890270231
2480000000,-30.2253342721954
2480000000,-30.2106295119016
2480000000,-30.192783637462
2480000000,-30.2021349741502
2480000000,-30.1854663568652
2480000000,-30.1965253612447
2480000000,-30.1928547665608
2480000000,-30.2120722692539
2480000000,-30.2044499278303
2480000000,-30.2044827994193
2480000000,-30.1894482156682
2480000000,-30.1800556198476
2480000000,-30.178325008682
2480000000,-30.1833379917234
2480000000,-30.1806261385284
2480000000,-30.184322408762
2480000000,-30.1657659421899
2480000000,-30.1616931420323
2480000000,-30.172587436601
2480000000,-30.1876118727804
2480000000,-30.1505815795574
2480000000,-30.1506229127109
2480000000,-30.1580718465281
2480000000,-30.1723593025558
2480000000,-30.1740460362545
2480000000,-30.1555269883042
2480000000,-30.1624395088793
2480000000,-30.1421024212683
2480000000,-30.1426974624281
2480000000,-30.143307560649
2480000000,-30.1536043723386
2480000000,-30.1239812781025
2480000000,-30.1181168383301
2480000000,-30.1434940115189
2480000000,-30.1236609057394
2480000000,-30.1337357835577
2480000000,-30.126979147568
2480000000,-30.1205065630585
2480000000,-30.134379652711
2480000000,-30.1060279470216
2480000000,-30.1149933839901
2480000000,-30.1195108515813
2480000000,-30.1198141443213
2480000000,-30.089293120242
2480000000,-30.1163874075357
2480000000,-30.1001026309353
2480000000,-30.0860421558044
2480000000,-30.0953070671645
2480000000,-30.1137553843376
2480000000,-30.1223899364728
2480000000,-30.093548257551
2480000000,-30.1011469278547
2480000000,-30.1103852685489
2480000000,-30.1086135715137
2480000000,-30.111121052972
2480000000,-30.0970472526084
2480000000,-30.0997732534363
2480000000,-30.097358077752
2480000000,-30.09404552784
2480000000,-30.0803964453766
2480000000,-30.0990189389039
2480000000,-30.101143184123
2480000000,-30.0776004611223
2480000000,-30.0742366529526
2480000000,-30.0607323159116
2480000000,-30.0562372788247
2480000000,-30.0672260574813
2480000000,-30.0629464664559
2480000000,-30.0848779089313
2480000000,-30.0468630242774
2480000000,-30.0751150325157
2480000000,-30.0685999867812
2480000000,-30.071108840554
2480000000,-30.0625672946641
2480000000,-30.064867700149
2480000000,-30.0734110566735
2480000000,-30.0554657128047
2480000000,-30.0689092101009
2480000000,-30.0485672099251
2480000000,-30.0696063799179
2480000000,-30.0580945634802
2480000000,-30.035984962747
2480000000,-30.0562887641464
2480000000,-30.0351177148978
2480000000,-30.0450156257205
2480000000,-30.048519943681
2480000000,-30.0425705049129
2480000000,-30.0481096231233
2480000000,-30.005413700234
2480000000,-30.0422613687186
2480000000,-30.0334597200448
2480000000,-30.0256289293607
2480000000,-30.0208740903856
2480000000,-30.0233963071404
2480000000,-30.0188285013364
2480000000,-30.0477961384565
2480000000,-30.0319707957433
2480000000,-30.0316068715713
2480000000,-30.0271098649092
2480000000,-30.0248385697675
2480000000,-30.0258068069687
2480000000,-30.0300659014798
2480000000,-30.0253246421282
2480000000,-30.0143190089768
2480000000,-30.0065849024965
2480000000,-30.0329976307756
2480000000,-30.0223527981018
2480000000,-30.0189244811993
2480000000,-30.0401431517233
2480000000,-30.0171042750391
2480000000,-29.9992650262481
2480000000,-30.0247662477026
2480000000,-30.020313406549
2480000000,-30.005429479439
2480000000,-30.0118375018576
2480000000,-30.0211015351499
2480000000,-30.0009729593961
2480000000,-30.0210481327244
2480000000,-30.0065194800351
2480000000,-30.0050181782488
2480000000,-29.9865281684624
2480000000,-30.0119187081128
2480000000,-29.9986998246717
2480000000,-30.0135181696442
2480000000,-30.0033879657654
2480000000,-29.9991316136308
2480000000,-29.9859229459042
2480000000,-30.0004461032197
2480000000,-30.0082599302624
2480000000,-30.0073860678384
2480000000,-29.9868345635391
2480000000,-30.0030755845799
2480000000,-30.0125151135756
2480000000,-29.9827043947279
2480000000,-29.9940513255952
2480000000,-30.0029380235164
2480000000,-29.9941749946361
2480000000,-29.990966132042
2480000000,-29.981426959232
2480000000,-29.9874083323315
2480000000,-29.9862121611078
2480000000,-29.9871279913673
2480000000,-29.967075796107
2480000000,-29.9675949540536
2480000000,-29.9723955293846
2480000000,-29.9768727144062
2480000000,-29.9556920895597
2480000000,-29.9648787421283
2480000000,-29.9692767575893
2480000000,-29.9772316540505
2480000000,-29.9566874058949
2480000000,-29.9637074792894
2480000000,-29.9632438633828
2480000000,-29.967882310067
2480000000,-29.9766694285479
2480000000,-29.9843530915467
2480000000,-29.9677770822915
2480000000,-29.9817679818038
2480000000,-29.951736174685
2480000000,-29.9658793396095
2480000000,-29.9600440180153
2480000000,-29.959589802654
2480000000,-29.9555652705747
2480000000,-29.962502591342
2480000000,-29.9806518531902
2480000000,-29.9640318464817
2480000000,-29.9503401927659
2480000000,-29.9697249226779
2480000000,-29.9734065405521
2480000000,-29.962626273226
2480000000,-29.972491557495
2480000000,-29.9424934214539
2480000000,-29.9624401094773
2480000000,-29.9671169753924
2480000000,-29.9848704256469
2480000000,-29.9565581656877
2480000000,-29.9649460229089
2480000000,-29.9713525966341
2480000000,-29.9673395715541
2480000000,-29.9601978842153
2480000000,-29.9396332898407
2480000000,-29.9631940072382
2480000000,-29.9736591848695
2480000000,-29.9678544941594
2480000000,-29.9698933828839
2480000000,-29.9678781473454
2480000000,-29.9670257792522
2480000000,-29.9357036610544
2480000000,-29.968048880169
2480000000,-29.9575976738147
2480000000,-29.9751915711642
2480000000,-29.9735754821992
2480000000,-29.9685416732626
2480000000,-29.9542827962191
2480000000,-29.9546171302532
2480000000,-29.9495349561409
2480000000,-29.9617049414457
2480000000,-29.9498975130785
2480000000,-29.9666677950628
2480000000,-29.957802885596
2480000000,-29.9882895451289
2480000000,-29.9853029997698
2480000000,-29.9694923326029
2480000000,-29.9859305000391
2480000000,-29.9452921342255
2480000000,-29.9863958392249
2480000000,-29.9712757949769
2480000000,-29.9816893081894
2480000000,-29.9567886089607
2480000000,-29.9635048370762
2480000000,-29.9730367130179
2480000000,-29.9582963507025
2480000000,-29.9667781140038
2480000000,-29.9754263923948
2480000000,-29.9642739314171
2480000000,-29.9660748972708
2480000000,-29.9526329750077
2480000000,-29.9611049610712
2480000000,-29.9816870965306
2480000000,-29.9684418490222
2480000000,-29.9709303400913
2480000000,-29.9536184060357
2480000000,-29.9818762075276
2480000000,-29.9552872043916
2480000000,-29.9709437424265
2480000000,-29.9232308529094
2480000000,-29.8718958499576
2480000000,-29.972615651149
2480000000,-29.9829405575877
2480000000,-29.9735472106303
2480000000,-29.9626106331791
2480000000,-29.9686060691527
2480000000,-29.9563841177233
2480000000,-29.9739049273566
2480000000,-29.9652880776534
2480000000,-29.9621678960132
2480000000,-29.9568823686937
2480000000,-29.9415504655436
2480000000,-29.9628544936971
2480000000,-29.9592884411394
2480000000,-29.9561943065634
2480000000,-29.9641290579815
2480000000,-29.9641438926614
2480000000,-29.9419437852947
2480000000,-29.9760651866897
2480000000,-29.9463191759157
2480000000,-29.9538956538017
2480000000,-29.9743073769835
2480000000,-29.9587277568544
2480000000,-29.9596398837246
2480000000,-29.9612013803423
2480000000,-29.9368861269398
2480000000,-29.9479383215184
2480000000,-29.9649239274658
2480000000,-29.9377645615435
2480000000,-29.9590613614047
2480000000,-29.9315257426766
2480000000,-29.9615273120336
2480000000,-29.9565996863969
2480000000,-29.9345741017014
2480000000,-29.9491585626949
2480000000,-29.9364374492741
2480000000,-29.9418725825925
2480000000,-29.9471181666786
2480000000,-29.9367739875844
2480000000,-29.9253541511566
2480000000,-29.9464088899971
2480000000,-29.9587151682893
2480000000,-29.9407680794108
2480000000,-29.9327251691277
2480000000,-29.924630616423
2480000000,-29.9304874037176
2480000000,-29.9347870579266
2480000000,-29.9571999324697
2480000000,-29.9297529281873
2480000000,-29.9212721563574
2480000000,-29.9265473174643
2480000000,-29.94443913974
2480000000,-29.9185316178282
2480000000,-29.9293453667546
2480000000,-29.9357409018221
2480000000,-29.947727156568
2480000000,-29.9227525996476
2480000000,-29.9132869649888
2480000000,-29.9035128926994
2480000000,-29.9311538181894
2480000000,-29.932221491081
2480000000,-29.9103926736653
2480000000,-29.902964796109
2480000000,-29.9223749848253
2480000000,-29.9163133587521
2480000000,-29.91084128227
2480000000,-29.908857619998
2480000000,-29.9047777095259
2480000000,-29.9138146962163
2480000000,-29.9076321658382
2480000000,-29.8937197229911
2480000000,-29.920569095142
2480000000,-29.9032051105113
2480000000,-29.9276587747984
2480000000,-29.9195129667533
2480000000,-29.8792542822355
2480000000,-29.9029484076134
2480000000,-29.907628746595
2480000000,-29.9089989900026
2480000000,-29.9121677387946
2480000000,-29.9002818864173
2480000000,-29.9060685023813
2480000000,-29.8786838826691
2480000000,-29.8963177698289
2480000000,-29.9077792262187
2480000000,-29.8806289793967
2480000000,-29.9034591497723
2480000000,-29.89530735976
2480000000,-29.8933445552066
2480000000,-29.9033057598655
2480000000,-29.9028277444867
2480000000,-29.901348460032
2480000000,-29.894189687369
2480000000,-29.8960044660937
2480000000,-29.8933949633014
2480000000,-29.9086104907714
2480000000,-29.8943291810851
2480000000,-29.9025380389028
2480000000,-29.9035885381007
2480000000,-29.8799818490436
2480000000,-29.9245248616693
2480000000,-29.9146473084562
2480000000,-29.9027096369234
2480000000,-29.9252746615146
2480000000,-29.9070363791362
2480000000,-29.9033921657827
2480000000,-29.907515334072
2480000000,-29.9044513472882
2480000000,-29.9005167562441
2480000000,-29.8806392221391
2480000000,-29.8931263713668
2480000000,-29.9099657367679
2480000000,-29.9108626054861
2480000000,-29.9047628595551
2480000000,-29.9293824253129
2480000000,-29.9117826737397
2480000000,-29.9027476396182
2480000000,-29.9338883370137
2480000000,-29.9104855079045
2480000000,-29.9089452614416
2480000000,-29.9141630440325
2480000000,-29.918674441026
2480000000,-29.9312754127092
2480000000,-29.9335737718705
2480000000,-29.9168485815053
2480000000,-29.9195429247283
2480000000,-29.9129575310278
2480000000,-29.9190229290292
2480000000,-29.9402885476269
2480000000,-29.9197998845303
2480000000,-29.9259889670499
2480000000,-29.926975552508
2480000000,-29.9190423600715
2480000000,-29.9147878671275
2480000000,-29.9394416665848
2480000000,-29.9390092217848
2480000000,-29.9380969772274
2480000000,-29.9163778266115
2480000000,-29.9203295621845
2480000000,-29.9116024559128
2480000000,-29.9250315810925
2480000000,-29.9201697572091
2480000000,-29.9431103473962
2480000000,-29.9186757871775
2480000000,-29.9311558336268
2480000000,-29.9327928677752
2480000000,-29.9378956774093
2480000000,-29.9373987573728
2480000000,-29.9416148479683
2480000000,-29.9554781375734
2480000000,-29.9412277862608
2480000000,-29.9345677465932
2480000000,-29.9306279017195
2480000000,-29.9239864744271
2480000000,-29.9338477638979
2480000000,-29.9260746165736
2480000000,-29.9499699116459
2480000000,-29.9220437023951
2480000000,-29.937169066372
2480000000,-29.9272834784913
2480000000,-29.9308778965716
2480000000,-29.9448818959791
2480000000,-29.9223536709665
2480000000,-29.9396006235589
2480000000,-29.9203086026413
2480000000,-29.9417560888545
2480000000,-29.9438791426108
2480000000,-29.9362923725094
2480000000,-29.9229561198966
2480000000,-29.9435001297169
2480000000,-29.9517716706701
2480000000,-29.9414852060714
2480000000,-29.9361531574473
2480000000,-29.9386639302278
2480000000,-29.9465138583648
2480000000,-29.950041909937
2480000000,-29.9585050675664
2480000000,-29.9360072384455
2480000000,-29.9583508740713
2480000000,-29.9502653069294
2480000000,-29.9461295878633
2480000000,-29.9368150469923
2480000000,-29.9357213765433
2480000000,-29.9430616310743
2480000000,-29.9366261080241
2480000000,-29.9442022542509
2480000000,-29.9424879926914
2480000000,-29.951794533426
2480000000,-29.9379089085824
2480000000,-29.9675928465385
2480000000,-29.94141217015
2480000000,-29.9493535916602
2480000000,-29.9561234426514
2480000000,-29.9456340826091
2480000000,-29.9481286857521
2480000000,-29.9682771479254
2480000000,-29.9601916436785
2480000000,-29.9491260514611
2480000000,-29.9628909794227
2480000000,-29.9656571891876
2480000000,-29.9686310374944
2480000000,-29.9407041503849
2480000000,-29.9446132618168
2480000000,-29.9331493335111
2480000000,-29.9553310790005
2480000000,-29.9548412084173
2480000000,-29.9513817603519
2480000000,-29.9302367069697
2480000000,-29.9352337082484
2480000000,-29.9587905116714
2480000000,-29.9459611435877
2480000000,-29.9478774982242
2480000000,-29.9549606212662
2480000000,-29.9359969581034
2480000000,-29.9466050691933
2480000000,-29.9370559428655
2480000000,-29.9593024409769
2480000000,-29.957846861711
2480000000,-29.9498457634314
2480000000,-29.9440036764468
2480000000,-29.9480250605765
2480000000,-29.9517943675603
2480000000,-29.950578870537
2480000000,-29.9480015972764
2480000000,-29.9521548375768
2480000000,-29.9495566819839
2480000000,-29.9503348250585
2480000000,-29.9542051971517
2480000000,-29.9523334610246
2480000000,-29.9483961981684
2480000000,-29.943896525005
2480000000,-29.9387561830655
2480000000,-29.9496429070816
2480000000,-29.9528448348516
2480000000,-29.9673562002696
2480000000,-29.9482848992128
2480000000,-29.9436872535174
2480000000,-29.952478877406
2480000000,-29.94699797754
2480000000,-29.9588459720659
2480000000,-29.9507536620364
2480000000,-29.9395897762788
2480000000,-29.9530470413692
2480000000,-29.9748991802456
2480000000,-29.9632078758652
2480000000,-29.972003429799
2480000000,-29.9802164217452
2480000000,-29.9625132305225
2480000000,-29.9489315030453
2480000000,-29.954342532499
2480000000,-29.9831508113964
2480000000,-29.9694982131429
2480000000,-29.9781387239631
2480000000,-29.9661287307926
2480000000,-29.9681382135418
2480000000,-29.9876551271178
2480000000,-29.980830124293
2480000000,-29.9590703604729
2480000000,-29.973370112691
2480000000,-29.9663187275639
2480000000,-29.9761338272344
2480000000,-29.9532731734872
2480000000,-29.9574633947061
2480000000,-29.9544207292121
2480000000,-29.9737081407283
2480000000,-29.963136488922
2480000000,-29.9580291960407
2480000000,-29.9579731560909
2480000000,-29.9664403946742
2480000000,-29.9730279890912
2480000000,-29.9872487234439
2480000000,-29.9640383213649
2480000000,-29.9604411029237
2480000000,-29.9923330820736
2480000000,-29.9589405471092
2480000000,-29.9743452558446
2480000000,-29.9614992697702
2480000000,-29.9658874702896
2480000000,-29.9516539866973
2480000000,-29.95885553956
2480000000,-29.9674323222341
2480000000,-29.9838821325154
2480000000,-29.9597325176548
2480000000,-29.9505272532712
2480000000,-29.9782228762301
2480000000,-29.9677426708682
2480000000,-29.9714880341968
2480000000,-29.9557075427642
2480000000,-29.9614585001385
2480000000,-29.9686661327833
2480000000,-29.9727123015076
2480000000,-29.9429589212178
2480000000,-29.9630822233745
2480000000,-29.9629970695867
2480000000,-29.9644078535826
2480000000,-29.9767006881539
2480000000,-29.9747748829376
2480000000,-29.9682230567022
2480000000,-29.9275128923043
2480000000,-29.9678390881787
2480000000,-29.9692806724038
2480000000,-29.9692494846079
2480000000,-29.9433908454322
2480000000,-29.940690558235
2480000000,-29.9471843972666
2480000000,-29.953424990275
2480000000,-29.9530602015552
2480000000,-29.9580471379203
2480000000,-29.9507484443905
2480000000,-29.9507674291177
2480000000,-29.9449628675286
2480000000,-29.9573565739721
2480000000,-29.9478693330164
2480000000,-29.9429506882253
2480000000,-29.954321994064
2480000000,-29.96258019267
2480000000,-29.9351955035948
2480000000,-29.962239327931
2480000000,-29.9607669947674
2480000000,-29.9403118224846
2480000000,-29.9222355093192
2480000000,-29.9475184875896
2480000000,-29.9491088596146
2480000000,-29.9561440278351
2480000000,-29.9453187922521
2480000000,-29.9480542805962
2480000000,-29.9242546308915
2480000000,-29.9600180643982
2480000000,-29.9635926777161
2480000000,-29.9206722628408
2480000000,-29.9370734506347
2480000000,-29.9240306418287
2480000000,-29.9235054795729
2480000000,-29.9210212950526
2480000000,-29.9444116851027
2480000000,-29.9384259096074
2480000000,-29.9284924826387
2480000000,-29.9270574483958
2480000000,-29.9275387618759
2480000000,-29.9296698054135
2480000000,-29.9342755907038
2480000000,-29.9401951758154
2480000000,-29.9301146900195
2480000000,-29.920548424322
2480000000,-29.9242429008754
2480000000,-29.9307854863414
2480000000,-29.9318549735868
2480000000,-29.9229648140812
2480000000,-29.9311266297865
2480000000,-29.9073751228086
2480000000,-29.9245977592506
2480000000,-29.9310099151501
2480000000,-29.9180159648866
2480000000,-29.9298109201954
2480000000,-29.90747602652
2480000000,-29.9375360407353
2480000000,-29.9112189543864
2480000000,-29.9138846334488
2480000000,-29.9214145235489
2480000000,-29.9143121035312
2480000000,-29.9043319049544
2480000000,-29.9113996969969
2480000000,-29.9123487232911
2480000000,-29.942504082278
2480000000,-29.9108049800375
2480000000,-29.9317914895678
2480000000,-29.9202910769488
2480000000,-29.9330307296449
2480000000,-29.9134412087275
2480000000,-29.9322165053623
2480000000,-29.9060166623843
2480000000,-29.9407170943401
2480000000,-29.9237737000375
2480000000,-29.9145587834698
2480000000,-29.9149213563684
2480000000,-29.9192433324517
2480000000,-29.9264293358956
2480000000,-29.879804868254
2480000000,-29.909040403446
2480000000,-29.9224200927971
2480000000,-29.9264113373327
2480000000,-29.9273494363216
2480000000,-29.9076289588349
2480000000,-29.9186048824753
2480000000,-29.923250004811
2480000000,-29.9313175188217
2480000000,-29.9198286697213
2480000000,-29.9243949515378
2480000000,-29.9154480845732
2480000000,-29.9184560954917
2480000000,-29.6848813406686
2480000000,-29.9087525517734
2480000000,-29.9253872780882
2480000000,-29.9199141728591
2480000000,-29.9109887871009
2480000000,-29.9102276470285
2480000000,-29.9229284264425
2480000000,-29.9053563786131
2480000000,-29.912686791782
2480000000,-29.9141575980338
2480000000,-29.904719373279
2480000000,-29.8906059004394
2480000000,-29.928545761679
2480000000,-29.9057579230639
2480000000,-29.9071777640003
2480000000,-29.9062203220819
2480000000,-29.9217234432725
2480000000,-29.8886108199706
2480000000,-29.8974417883233
2480000000,-29.9114527136159
2480000000,-29.8933692937162
2480000000,-29.9371622689471
2480000000,-29.9038280529213
2480000000,-29.9069277397111
2480000000,-29.9063578641807
2480000000,-29.901842325542
2480000000,-29.8871824502646
2480000000,-29.9269059753861
2480000000,-29.8989448816396
2480000000,-29.9108354360407
2480000000,-29.9205201330434
2480000000,-29.9150175778461
2480000000,-29.9025210533875
2480000000,-29.913736933277
2480000000,-29.9473208375175
2480000000,-29.9061515991946
2480000000,-29.9257696533931
2480000000,-29.9080244683352
2480000000,-29.9209731998402
2480000000,-29.9152164828882
2480000000,-29.9264260381301
2480000000,-29.9133013072812
2480000000,-29.9357964640074
2480000000,-29.9139654791005
2480000000,-29.9387601635189
2480000000,-29.9529690132091
2480000000,-29.9275947579837
2480000000,-29.9468317898494
2480000000,-29.942189328216
2480000000,-29.9415692181959
2480000000,-29.9504966077455
2480000000,-29.9324435219092
2480000000,-29.9461024109741
2480000000,-29.9313531586681
2480000000,-29.9572938234831
2480000000,-29.9481373854039
2480000000,-29.9222745978308
2480000000,-29.9410427963912
2480000000,-29.9330154368159
2480000000,-29.9442910820934
2480000000,-29.9457051281306
2480000000,-29.9370228182556
2480000000,-29.9400971640727
2480000000,-29.9434863974877
2480000000,-29.9845304118854
2480000000,-29.959256369303
2480000000,-29.9449959190761
2480000000,-29.9609083423601
2480000000,-29.9440224773323
2480000000,-29.9323570536356
2480000000,-29.9472254446203
2480000000,-29.9572483377072
2480000000,-29.9601418493905
2480000000,-29.9660967479018
2480000000,-29.9595831744727
2480000000,-29.9733341071418
2480000000,-29.9715870487386
2480000000,-29.9693318736744
2480000000,-29.9704495708766
2480000000,-29.9632955836317
2480000000,-29.9756337264355
2480000000,-29.9768219390813
2480000000,-29.9655640061177
2480000000,-29.9693082096616
2480000000,-29.975618854014
2480000000,-29.9684277235706
2480000000,-29.9731241489585
2480000000,-29.9669975595427
2480000000,-29.9783796644988
2480000000,-29.97195561881
2480000000,-29.9734933911763
2480000000,-29.9747300922735
2480000000,-29.9757577474529
2480000000,-29.970868860271
2480000000,-29.9849528423037
2480000000,-30.0080427467626
2480000000,-29.9947805886531
2480000000,-29.9818092617692
2480000000,-29.9908469447524
2480000000,-30.008396852629
2480000000,-30.0099717261272
2480000000,-30.014357726164
2480000000,-29.9920242866039
2480000000,-29.997554302184
2480000000,-30.0001160310594
2480000000,-29.9915525115813
2480000000,-29.9985356275611
2480000000,-30.0190208554484
2480000000,-29.9913034172058
2480000000,-29.9997512426652
2480000000,-30.0104575577706
2480000000,-29.9977804545056
2480000000,-30.016399019432
2480000000,-29.9920322877844
2480000000,-30.0130810666876
2480000000,-30.0143686692524
2480000000,-30.0181781702008
2480000000,-30.01506018175
2480000000,-30.0383947233937
2480000000,-30.0216042348628
2480000000,-30.0162422025302
2480000000,-30.0223044150739
2480000000,-30.0317493862393
2480000000,-30.0263358656404
2480000000,-30.0503157630572
2480000000,-30.0167063484306
2480000000,-30.0312174092748
2480000000,-30.0342434184118
2480000000,-30.0213966425497
2480000000,-30.0303581842782
2480000000,-30.0479522778904
2480000000,-30.0313107928673
2480000000,-30.0384602387593
2480000000,-30.0273163070662
2480000000,-30.0161780470528
2480000000,-30.0419936070832
2480000000,-30.0411091519279
2480000000,-30.0523704408419
2480000000,-30.0415213246972
2480000000,-30.0512802354074
2480000000,-30.0531430194296
2480000000,-30.0441990961634
2480000000,-30.0544942532411
2480000000,-30.0660418693692
2480000000,-30.0599876153087
2480000000,-30.0740460364391
2480000000,-30.0547521153137
2480000000,-30.0553436118956
2480000000,-30.0454483304864
2480000000,-30.0514173789051
2480000000,-30.0655332777479
2480000000,-30.063372921091
2480000000,-30.0672696341336
2480000000,-30.0833686848011
2480000000,-30.048962358077
2480000000,-30.0569946911133
2480000000,-30.0543006559173
2480000000,-30.0653981512776
2480000000,-30.0794086591321
2480000000,-30.0620878943837
2480000000,-30.0712083010912
2480000000,-30.0509299656634
2480000000,-30.0747857115386
2480000000,-30.0709689967608
2480000000,-30.0722469685293
2480000000,-30.0629653415194
2480000000,-30.0893345679314
2480000000,-30.1004091102989
2480000000,-30.0566781042455
2480000000,-30.0804287354139
2480000000,-30.0747498385805
2480000000,-30.0878858962926
2480000000,-30.0847051731798
2480000000,-30.1070853200053
2480000000,-30.0735292960931
2480000000,-30.0872521147927
2480000000,-30.0739852492986
2480000000,-30.1016831866552
2480000000,-30.0958629949628
2480000000,-30.0884306033374
2480000000,-30.1023160269243
2480000000,-30.0934562088102
2480000000,-30.1120105187448
2480000000,-30.109494894749
2480000000,-30.1028598416129
2480000000,-30.1010694557433
2480000000,-30.1274087986813
2480000000,-30.1241822469831
2480000000,-30.1118599552807
2480000000,-30.0993504299215
2480000000,-30.1167710547692
2480000000,-30.1207419916427
2480000000,-30.1182492631543
2480000000,-30.1244105471742
2480000000,-30.1175245527321
2480000000,-30.1349622209769
2480000000,-30.1352954583491
2480000000,-30.1335024569102
2480000000,-30.1132645643065
2480000000,-30.1327735427712
2480000000,-30.1350398474166
2480000000,-30.1437600666215
2480000000,-30.1354312302833
2480000000,-30.135009777313
2480000000,-30.375619101826
2480000000,-30.1379728534731
2480000000,-30.1258365092088
2480000000,-30.1294579736298
2480000000,-30.1428221437704
2480000000,-30.1253661118904
2480000000,-30.1467347074781
2480000000,-30.1562816630258
2480000000,-30.1440505665256
2480000000,-30.1630699818864
2480000000,-30.1548445182702
2480000000,-30.1678682289506
2480000000,-30.1556898151737
2480000000,-30.1808408843655
2480000000,-30.1749060878997
2480000000,-30.1537792914514
2480000000,-30.1710010248519
2480000000,-30.1537914418859
2480000000,-30.1557062619355
2480000000,-30.1788101068877
2480000000,-30.179306559339
2480000000,-30.1526801586167
2480000000,-30.1694283085295
2480000000,-30.164815779605
2480000000,-30.1626103241643
2480000000,-30.1765785170849
2480000000,-30.1618408929778
2480000000,-30.170181248457
2480000000,-30.1704793312656
2480000000,-30.1880481049641
2480000000,-30.2064095550797
2480000000,-30.1642448055189
2480000000,-30.1869604102001
2480000000,-30.1790236250374
2480000000,-30.1799469128549
2480000000,-30.2067805469848
2480000000,-30.2227568522237
2480000000,-30.20161295018
2480000000,-30.1890781257488
2480000000,-30.2010172754646
2480000000,-30.1783284177088
2480000000,-30.1902987999671
2480000000,-30.2112601955209
2480000000,-30.2118979658482
2480000000,-30.2119611972298
2480000000,-30.2126593555251
2480000000,-30.2054765353075
2480000000,-30.1982345728153
2480000000,-30.2192325419222
2480000000,-30.2071402195186
2480000000,-30.2135877338632
2480000000,-30.1986933341343
2480000000,-30.207750588521
2480000000,-30.1992966841919
2480000000,-30.2232318306001
2480000000,-30.1962490353544
2480000000,-30.2185158620542
2480000000,-30.1984989469448
2480000000,-30.2109987584953
2480000000,-30.226188829756
2480000000,-30.2137384794979
2480000000,-30.2061885539364
2480000000,-30.2259958921785
2480000000,-30.2427549074029
2480000000,-30.2246505585239
2480000000,-30.2308566427659
2480000000,-30.2343599357173
2480000000,-30.2210562287677
2480000000,-30.2383636305928
2480000000,-30.2454496898348
2480000000,-30.2390499895051
2480000000,-30.2220152123335
2480000000,-30.23920606413
2480000000,-30.2360642607107
2480000000,-30.2405199211811
2480000000,-30.2321988036757
2480000000,-30.2243978269651
2480000000,-30.2518631827628
2480000000,-30.2390018601366
2480000000,-30.2388278041277
2480000000,-30.2306060469795
2480000000,-30.2552823570082
2480000000,-30.2518383331473
2480000000,-30.2496113989769
2480000000,-30.2538416244062
2480000000,-30.2407796357861
2480000000,-30.2357677107726
2480000000,-30.2491608056229
2480000000,-30.2668586917134
2480000000,-30.2336350322907
2480000000,-30.2514055936314
2480000000,-30.2345604844676
2480000000,-30.2546122594254
2480000000,-30.2692652270583
2480000000,-30.2577361939115
2480000000,-30.2641142984676
2480000000,-30.259623937076
2480000000,-30.2627424409568
2480000000,-30.2539699972666
2480000000,-30.2480662160228
2480000000,-30.2554926768864
2480000000,-30.2599503903319
2480000000,-30.2562767246904
2480000000,-30.2730541380835
2480000000,-30.2576204543536
2480000000,-30.2640077224752
2480000000,-30.2749656966155
2480000000,-30.2769342583958
2480000000,-30.2614197741303
2480000000,-30.2828001830663
2480000000,-30.285393976171
2480000000,-30.2980044604907
2480000000,-30.290052526627
2480000000,-30.2765171635272
2480000000,-30.2727342056498
2480000000,-30.2880703680361
2480000000,-30.2916455665589
2480000000,-30.2924423990766
2480000000,-30.2899041133137
2480000000,-30.2974086259064
2480000000,-30.3029614074913
2480000000,-30.2973974479085
2480000000,-30.2830742745417
2480000000,-30.2805009789739
2480000000,-30.2997197639763
2480000000,-30.3117161101802
2480000000,-30.2995217103576
2480000000,-30.3161784710026
2480000000,-30.3054025491471
2480000000,-30.3005005838489
2480000000,-30.3156458417212
2480000000,-30.3197597233313
2480000000,-30.3077190143215
2480000000,-30.3117218368032
2480000000,-30.3186919618894
2480000000,-30.3157759953927
2480000000,-30.3322806238696
2480000000,-30.3370693763006
2480000000,-30.3334475529894
2480000000,-30.3380115486748
2480000000,-30.3426023940723
2480000000,-30.3419604427287
2480000000,-30.3392508072162
2480000000,-30.3373795238277
2480000000,-30.3558870569519
2480000000,-30.3597934243248
2480000000,-30.3587079044221
2480000000,-30.3429014692434
2480000000,-30.3593512179867
2480000000,-30.3516365409655
2480000000,-30.3643279704025
2480000000,-30.3324671677147
2480000000,-30.3558011594727
2480000000,-30.3489994907319
2480000000,-30.3687305285137
2480000000,-30.3789315687763
2480000000,-30.3744924079147
2480000000,-30.3811563120856
2480000000,-30.3771119779267
2480000000,-30.3809852968394
2480000000,-30.3818241964716
2480000000,-30.3983647197823
2480000000,-30.3678845088926
2480000000,-30.3760335513829
2480000000,-30.4105663592309
2480000000,-30.3885912296116
2480000000,-30.3943508740653
2480000000,-30.3810908658087
2480000000,-30.4069515131955
2480000000,-30.4113356839158
2480000000,-30.3905064950641
2480000000,-30.4162258463604
2480000000,-30.4194719660036
2480000000,-30.4216912019081
2480000000,-30.4148170172298
2480000000,-30.4128865868879
2480000000,-30.4139929756172
2480000000,-30.4248881982877
2480000000,-30.4261400143524
2480000000,-30.4012319117458
2480000000,-30.416324415148
2480000000,-30.424406993264
2480000000,-30.4294791130281
2480000000,-30.4247055849005
2480000000,-30.4057670470992
2480000000,-30.4451931625323
2480000000,-30.4258953120298
2480000000,-30.4300686762073
2480000000,-30.424666998486
2480000000,-30.4344435611721
2480000000,-30.4364603067887
2480000000,-30.4371413471682
2480000000,-30.4499101024624
2480000000,-30.4495689316747
2480000000,-30.4337747781566
2480000000,-30.4358799619334
2480000000,-30.4441430586821
2480000000,-30.4482899682993
2480000000,-30.4659408172381
2480000000,-30.4721142286491
2480000000,-30.4381874197182
2480000000,-30.4766452963916
2480000000,-30.4592999313898
2480000000,-30.4452585640187
2480000000,-30.4771930206613
2480000000,-30.4542345504197
2480000000,-30.4596462434025
2480000000,-30.4719649336586
2480000000,-30.4580794269673
2480000000,-30.4740823351188
2480000000,-30.4879837920509
2480000000,-30.4900761662038
2480000000,-30.4989575877422
2480000000,-30.4892707100002
2480000000,-30.4873229959286
2480000000,-30.4919219164193
2480000000,-30.492940827304
2480000000,-30.4803921120281
2480000000,-30.4821646151267
2480000000,-30.4929649233216
2480000000,-30.4716565216259
2480000000,-30.4789197686578
2480000000,-30.479273612073
2480000000,-30.4929570568966
2480000000,-30.5130825431229
2480000000,-30.5047468025585
2480000000,-30.5131610653461
2480000000,-30.5230542127452
2480000000,-30.5072351339215
2480000000,-30.5162641325968
2480000000,-30.5149183399324
2480000000,-30.5167054338467
2480000000,-30.4847695662756
2480000000,-30.5208855602223
2480000000,-30.5309742058473
2480000000,-30.5331516340319
2480000000,-30.5400659465388
2480000000,-30.561605739373
2480000000,-30.5392961462507
2480000000,-30.525882921694
2480000000,-30.5494006433806
2480000000,-30.5437413783899
2480000000,-30.5508180464715
2480000000,-30.5385762948747
2480000000,-30.552681274675
2480000000,-30.545767874371
2480000000,-30.5680495936719
2480000000,-30.5697699680855
2480000000,-30.5597199733566
2480000000,-30.5680001077654
2480000000,-30.5635928558896
2480000000,-30.5669348950195
2480000000,-30.5658884667579
2480000000,-30.5574306268333
2480000000,-30.5689532597015
2480000000,-30.5662949788092
2480000000,-30.5816750065111
2480000000,-30.5757365754415
2480000000,-30.571171667428
2480000000,-30.5740938874429
2480000000,-30.5765070223534
2480000000,-30.5896598953095
2480000000,-30.5894233266494
2480000000,-30.5684616060295
2480000000,-30.6002308923718
2480000000,-30.6045605962291
2480000000,-30.607757715418
2480000000,-30.5943418399345
2480000000,-30.5918895278895
2480000000,-30.5979414127133
2480000000,-30.6112350344753
2480000000,-30.5854806142881
2480000000,-30.6099393506226
2480000000,-30.6299748836604
2480000000,-30.6168226555476
2480000000,-30.6264364641436
2480000000,-30.6152658721001
2480000000,-30.6081159310266
2480000000,-30.6369324106179
2480000000,-30.6222807969887
2480000000,-30.6515183503976
2480000000,-30.6439780607276
2480000000,-30.6480917167943
2480000000,-30.654774279551
2480000000,-30.658967554393
2480000000,-30.6581223466013
2480000000,-30.6416968045468
2480000000,-30.6494673801515
2480000000,-30.6525252558963
2480000000,-30.6691698098077
2480000000,-30.6518622575611
2480000000,-30.6679800993516
2480000000,-30.6656988316661
2480000000,-30.6407142244045
2480000000,-30.666378537173
2480000000,-30.6584595414456
2480000000,-30.6771540158105
2480000000,-30.6984679649334
2480000000,-30.6885999487631
2480000000,-30.6783006860884
2480000000,-30.6882841328382
2480000000,-30.6918242233544
2480000000,-30.6947281138193
2480000000,-30.6682596409293
2480000000,-30.6817487299029
2480000000,-30.6993736067809
2480000000,-30.691758660419
2480000000,-30.7039150445194
2480000000,-30.7012126213442
2480000000,-30.7171037633621
2480000000,-30.7172270774002
2480000000,-30.7307018240739
2480000000,-30.7316435014592
2480000000,-30.7337285621349
2480000000,-30.7158625859544
2480000000,-30.7180120128763
2480000000,-30.7374352120269
2480000000,-30.7545019736599
2480000000,-30.7331854867905
2480000000,-30.7293375631904
2480000000,-30.7471873185254
2480000000,-30.7455155421351
2480000000,-30.7568945003563
2480000000,-30.7558066275819
2480000000,-30.7409555399367
2480000000,-30.7515257392545
2480000000,-30.7488887665806
2480000000,-30.7596685499428
2480000000,-30.7580097924163
2480000000,-30.7550201775028
2480000000,-30.7628801515388
2480000000,-30.7584376810813
2480000000,-30.7582904465456
2480000000,-30.7740056192617
2480000000,-30.7606722186158
2480000000,-30.7682691461993
2480000000,-30.8189493800727
2480000000,-30.7971237913287
2480000000,-30.778263906733
2480000000,-30.7737228409276
2480000000,-30.7969088979891
2480000000,-30.8068874337041
2480000000,-30.7893219685116
2480000000,-30.7955687741068
2480000000,-30.7841485796519
2480000000,-30.8004084705318
2480000000,-30.7989548673211
2480000000,-30.8127582647668
2480000000,-30.8053161922732
2480000000,-30.8015781889427
2480000000,-30.8118338512268
2480000000,-30.8071575749019
2480000000,-30.8216177998945
2480000000,-30.8251381517298
2480000000,-30.816558796939
2480000000,-30.8314437587296
2480000000,-30.8231049256964
2480000000,-30.8475714969078
2480000000,-30.8318783861234
2480000000,-30.8391563009325
2480000000,-30.8248518506098
2480000000,-30.8300558859793
2480000000,-30.8369265680392
2480000000,-30.8650194346069
2480000000,-30.8428316943927
2480000000,-30.8316597067621
2480000000,-30.8503606015523
2480000000,-30.837636163556
2480000000,-30.8283278767034
2480000000,-30.8305250937923
2480000000,-30.838497716126
2480000000,-30.8275897927735
2480000000,-30.8457888853578
2480000000,-30.8571574331248
2480000000,-30.8667871987775
2480000000,-30.8553051053006
2480000000,-30.8578485179585
2480000000,-30.8649122172139
2480000000,-30.8675579999075
2480000000,-30.7087616870737
2480000000,-30.8711053640799
2480000000,-30.8479571449336
2480000000,-30.8560372143767
2480000000,-30.8814535274233
2480000000,-30.8661257270231
2480000000,-30.8837760350487
2480000000,-30.8836714567337
2480000000,-30.8665578949324
2480000000,-30.8682639440284
2480000000,-30.8883231518385
2480000000,-30.867694493948
2480000000,-30.8891260507169
2480000000,-30.8649103572791
2480000000,-30.8860673102817
2480000000,-30.8847494607016
2480000000,-30.8837925613094
2480000000,-30.8921676214142
2480000000,-30.8821668573133
2480000000,-30.8735084745814
2480000000,-30.8917221993886
2480000000,-30.9074475866661
2480000000,-30.8849965669741
2480000000,-30.8772123061224
2480000000,-30.8942909190897
2480000000,-30.8623046464781
2480000000,-30.8911097018576
2480000000,-30.9148468639665
2480000000,-30.9096945711752
2480000000,-30.903700094364
2480000000,-30.9123922329522
2480000000,-30.9384685179496
2480000000,-30.9066486427337
2480000000,-30.9191019693633
2480000000,-30.8993352619314
2480000000,-30.9086595684992
2480000000,-30.9261969880199
2480000000,-30.9146757696919
2480000000,-30.9261678239941
2480000000,-30.9424326597242
2480000000,-30.9357408087543
2480000000,-30.9288966990752
2480000000,-30.9201973179546
2480000000,-30.9185618427934
2480000000,-30.9262514898286
2480000000,-30.9209340093171
2480000000,-30.9458280975096
2480000000,-30.913576412317
2480000000,-30.9362923376061
2480000000,-30.9437508639454
2480000000,-30.9212347709461
2480000000,-30.9190247533343
2480000000,-30.9688716855537
2480000000,-30.9566622223634
2480000000,-30.9445590312802
2480000000,-30.9775246524979
2480000000,-30.9624025288639
2480000000,-31.0254163444189
2480000000,-30.968691164018
2480000000,-30.9750590885038
2480000000,-30.971173357856
2480000000,-30.9515160400087
2480000000,-30.9817283188862
2480000000,-30.9737141727021
2480000000,-30.9608853432441
2480000000,-30.9532172332061
2480000000,-30.9519397479575
2480000000,-30.969864824184
2480000000,-30.9788456258514
2480000000,-30.9686130978124
2480000000,-30.9853071285659
2480000000,-30.9837723370582
2480000000,-30.9725395482406
2480000000,-31.0077879748784
2480000000,-30.9930655015423
2480000000,-30.9858820017771
2480000000,-30.991799100255
2480000000,-30.975518662358
2480000000,-30.9829356405807
2480000000,-31.0071176284407
2480000000,-30.996461833921
2480000000,-31.0086061481315
2480000000,-31.0123273336025
2480000000,-30.9990437732541
2480000000,-31.0094128809438
2480000000,-31.0087578527075
2480000000,-31.0035588258555
2480000000,-31.0069323154637
2480000000,-31.0170614348766
2480000000,-30.9813002098019
2480000000,-31.0045452014966
2480000000,-31.000535496068
2480000000,-31.0245958064186
2480000000,-31.002305245037
2480000000,-31.0136300434328
2480000000,-31.0181123354616
2480000000,-31.0256771242821
2480000000,-31.0217527968936
2480000000,-31.034242439984
2480000000,-31.0128990895584
2480000000,-31.0253924600208
2480000000,-31.0384545692776
2480000000,-31.0098917054518
2480000000,-31.0183204722962
2480000000,-31.037842792644
2480000000,-31.0455901096512
2480000000,-31.0633193773601
2480000000,-31.03477200238
2480000000,-31.048099681807
2480000000,-31.0607795084783
2480000000,-31.0373072853223
2480000000,-31.05893615271
2480000000,-31.0603357905549
2480000000,-31.0665490696473
2480000000,-31.0575096082663
2480000000,-31.0480311885955
2480000000,-31.0491821298281
2480000000,-31.0316430099568
2480000000,-31.1805443132338
2480000000,-31.0461969081522
2480000000,-31.0478474396423
2480000000,-31.0454429314109
2480000000,-31.0621554603211
2480000000,-31.0762471264065
2480000000,-31.0657088042831
2480000000,-31.0364717463688
2480000000,-31.0618862898183
2480000000,-31.0771468534028
2480000000,-31.0723265310767
2480000000,-31.0704890591576
2480000000,-31.0695401938766
2480000000,-31.0714848991181
2480000000,-31.0791110158095
2480000000,-31.0613048320731
2480000000,-31.0604267531144
2480000000,-31.0863566411739
2480000000,-31.067854513984
2480000000,-31.0842464377442
2480000000,-31.0674405386752
2480000000,-31.0789142880629
2480000000,-31.0690043871787
2480000000,-31.0910328362414
2480000000,-31.101528914114
2480000000,-31.0972586926328
2480000000,-31.0892584210667
2480000000,-31.0912273712098
2480000000,-31.0903136756927
2480000000,-31.0945309735443
2480000000,-31.0953032103532
2480000000,-31.0881250453523
2480000000,-31.1084141470356
2480000000,-31.1096599545799
2480000000,-31.1015784705185
2480000000,-31.0968763302591
2480000000,-31.1195183866487
2480000000,-31.1194901300534
2480000000,-31.1102282493349
2480000000,-31.1007724888052
2480000000,-31.1023302372088
2480000000,-31.1007504792552
2480000000,-31.1025585208674
2480000000,-31.104677487001
2480000000,-31.1139560504919
2480000000,-31.1132458616802
2480000000,-31.1074858440436
2480000000,-31.1083422607679
2480000000,-31.1256208530175
2480000000,-31.1396247899972
2480000000,-31.1226300805297
2480000000,-31.1345370498729
2480000000,-31.1258556983638
2480000000,-31.1273903061225
2480000000,-31.1352484738549
2480000000,-31.1307168539256
2480000000,-31.1378572524352
2480000000,-31.1452229144795
2480000000,-31.1266407674002
2480000000,-31.1482757021409
2480000000,-31.1325827369919
2480000000,-31.1581711947479
2480000000,-31.1635804548374
2480000000,-31.1785482112069
2480000000,-31.1468423717272
2480000000,-31.1585024770027
2480000000,-31.1508369801752
2480000000,-31.1473236800082
2480000000,-31.1438394903742
2480000000,-31.1576501387118
2480000000,-31.156308351071
2480000000,-31.1691973036604
2480000000,-31.1769743514361
2480000000,-31.163485735416
2480000000,-31.1751422206998
2480000000,-31.175849872897
2480000000,-31.152223523111
2480000000,-31.1677923401673
2480000000,-31.1728817408658
2480000000,-31.17848074618
2480000000,-31.1636345806318
2480000000,-31.1713034359553
2480000000,-31.1983273744381
2480000000,-31.1945077765501
2480000000,-31.1874545492364
2480000000,-31.1860171241783
2480000000,-31.1864913403852
2480000000,-31.183724926118
2480000000,-31.2066367902789
2480000000,-31.1824756795326
2480000000,-31.2137771783371
2480000000,-31.1835726948048
2480000000,-31.1872370371171
2480000000,-31.2101778650849
2480000000,-30.9476395272247
2480000000,-31.1946181958567
2480000000,-31.2070948565779
2480000000,-31.2029419371112
2480000000,-31.1916592407956
2480000000,-31.1846870222756
2480000000,-31.2028471967882
2480000000,-31.2080177490717
2480000000,-31.2131358167282
2480000000,-31.2162902128164
2480000000,-31.2128950435184
2480000000,-31.2313130787979
2480000000,-31.2189415280359
2480000000,-31.2329764298611
2480000000,-31.2427019484221
2480000000,-31.2369691817547
2480000000,-31.2483763448126
2480000000,-31.2461804483821
2480000000,-31.2360140184835
2480000000,-31.2302454358965
2480000000,-31.219609883974
2480000000,-31.2558641781247
2480000000,-31.2574303333751
2480000000,-31.2587730096757
2480000000,-31.235866021043
2480000000,-31.2232566305415
2480000000,-31.258050724745
2480000000,-31.2619314840377
2480000000,-31.2655305097883
2480000000,-31.2408117463898
2480000000,-31.2496229479747
2480000000,-31.2422202248093
2480000000,-31.2668594590697
2480000000,-31.3106565292781
2480000000,-31.2578736710065
2480000000,-31.2739151677655
2480000000,-31.2788758664664
2480000000,-31.297614518391
2480000000,-31.2920753515165
2480000000,-31.3017104088705
2480000000,-31.2667190023707
2480000000,-31.2760812837324
2480000000,-31.2768204129144
2480000000,-31.3007479322087
2480000000,-31.3012075918157
2480000000,-31.2897736122918
2480000000,-31.3046830885629
2480000000,-31.2912035314149
2480000000,-31.278325718174
2480000000,-31.2822493112145
2480000000,-31.2912103250352
2480000000,-31.2961522824207
2480000000,-31.3101844312443
2480000000,-31.3124196524518
2480000000,-31.3184690973177
2480000000,-31.3128802686326
2480000000,-31.3221319666945
2480000000,-31.3346849463218
2480000000,-31.3162938356243
2480000000,-31.3214897782528
2480000000,-31.3252788142631
2480000000,-31.3422291817147
2480000000,-31.3332877252109
2480000000,-31.3611410770924
2480000000,-31.3368864338789
2480000000,-31.3570898325327
2480000000,-31.3451067742064
2480000000,-31.334030813511
2480000000,-31.3498051324621
2480000000,-31.3370057764299
2480000000,-31.3671082955346
2480000000,-31.3671491129258
2480000000,-31.3586999798045
2480000000,-31.3551081633756
2480000000,-31.3647706894366
2480000000,-31.3588151430092
2480000000,-31.3755151132186
2480000000,-31.3647980084083
2480000000,-31.3387083361282
2480000000,-31.3835947110916
2480000000,-31.3890157592684
2480000000,-31.3048245022169
2480000000,-31.3645239639904
2480000000,-31.3736710836758
2480000000,-31.4029828753886
2480000000,-31.3874825450174
2480000000,-31.3661925501344
2480000000,-31.4081948927992
2480000000,-31.3881249210336
2480000000,-31.3854147750843
2480000000,-31.4055109820727
2480000000,-31.3730374774427
2480000000,-31.4100870278974
2480000000,-31.3929259241268
2480000000,-31.3970420515771
2480000000,-31.4082151641519
2480000000,-31.396604053827
2480000000,-31.3718162825812
2480000000,-31.4051766834162
2480000000,-31.4176305732464
2480000000,-31.401239500118
2480000000,-31.4184989408997
2480000000,-31.4009842912068
2480000000,-31.4006377150563
2480000000,-31.4180898936916
2480000000,-31.3927035657034
2480000000,-31.4220624848783
2480000000,-31.4145967147115
2480000000,-31.4272960582861
2480000000,-31.4156388910265
2480000000,-31.4359329244645
2480000000,-31.406513605901
2480000000,-31.4492655757879
2480000000,-31.4405584875346
2480000000,-31.4129099450493
2480000000,-31.4153096188023
2480000000,-31.4140254428621
2480000000,-31.4149212759118
2480000000,-31.4383920516185
2480000000,-31.4337059727497
2480000000,-31.4303445987339
2480000000,-31.4407257821836
2480000000,-31.4145439452201
2480000000,-31.4463060448324
2480000000,-31.4525147586921
2480000000,-31.4421759039155
2480000000,-31.442669862325
2480000000,-31.4268347462604
2480000000,-31.4487107625239
2480000000,-31.4516561761652
2480000000,-31.453420990053
2480000000,-31.456902659733
2480000000,-31.4593230378097
2480000000,-31.4681174201986
2480000000,-31.4315545770955
2480000000,-31.4597549064169
2480000000,-31.4595876998936
2480000000,-31.450466810843
2480000000,-31.4687096454655
2480000000,-31.4757178712031
2480000000,-31.4666599471139
2480000000,-31.4596447236216
2480000000,-31.4552977846308
2480000000,-31.4616887279049
2480000000,-31.4673306776632
2480000000,-31.4796348673981
2480000000,-31.4663148108183
2480000000,-31.4614293661019
2480000000,-31.4420861930547
2480000000,-31.4559820917364
2480000000,-31.4409681290992
2480000000,-31.4527497280899
2480000000,-31.475594487616
2480000000,-31.4630110622721
2480000000,-31.472582249522
2480000000,-31.4551431650434
2480000000,-31.4633733295469
2480000000,-31.4464099224011
2480000000,-31.4828300440124
2480000000,-31.5029602720662
2480000000,-31.4793259122389
2480000000,-31.6957947158527
2480000000,-31.4592954773443
2480000000,-31.4762118824994
2480000000,-31.4896843513089
2480000000,-31.4737972878316
2480000000,-31.4836143730031
2480000000,-31.4858096446648
2480000000,-31.4983317667214
2480000000,-31.4774057089356
2480000000,-31.484280744477
2480000000,-31.4964607253403
2480000000,-31.5032167425103
2480000000,-31.4936666957147
2480000000,-31.4811206747976
2480000000,-31.486367619542
2480000000,-31.4794215708762
2480000000,-31.4789457460183
2480000000,-31.4889253203493
2480000000,-31.4739459251177
2480000000,-31.4972195771981
2480000000,-31.505035681088
2480000000,-31.4953954932862
2480000000,-31.4933188011701
2480000000,-31.5120490994188
2480000000,-31.5289269235758
2480000000,-31.4947584890593
2480000000,-31.5024956169057
2480000000,-31.4964637025816
2480000000,-31.5081799806294
2480000000,-31.5084774365271
2480000000,-31.4810856831
2480000000,-31.5178364165337
2480000000,-31.4894073027926
2480000000,-31.4891942852035
2480000000,-31.4882139851043
2480000000,-31.5144678556156
2480000000,-31.502008385522
2480000000,-31.4981196781993
2480000000,-31.5077400632626
2480000000,-31.503054911138
2480000000,-31.5262213639893
2480000000,-31.5074617245851
2480000000,-31.5204639938318
2480000000,-31.5172228101605
2480000000,-31.515984368189
2480000000,-31.5187402537458
2480000000,-31.5161722536117
2480000000,-31.5287881644771
2480000000,-31.5249057465355
2480000000,-31.525886745215
2480000000,-31.5312238505115
2480000000,-31.5341214003995
2480000000,-31.54448758923
2480000000,-31.5471610702539
2480000000,-31.5295746329396
2480000000,-31.5477644134833
2480000000,-31.5391513572704
2480000000,-31.5004074265828
2480000000,-31.5326707755288
2480000000,-31.5006574614296
2480000000,-31.5591381752432
2480000000,-31.5250437755574
2480000000,-31.5467221783957
2480000000,-31.5403280940616
2480000000,-31.5381290638894
2480000000,-31.5509704378651
2480000000,-31.5305330965389
2480000000,-31.5313465166342
2480000000,-31.5459984073027
2480000000,-31.5690666156829
2480000000,-31.532408237346
2480000000,-31.5223943621618
2480000000,-31.5660626040738
2480000000,-31.5579135328758
2480000000,-31.5462947487044
2480000000,-31.5583832063861
2480000000,-31.5607684326098
2480000000,-31.5352250458753
2480000000,-31.5408572782266
2480000000,-31.5550984166518
2480000000,-31.5514360508248
2480000000,-31.5545041581467
2480000000,-31.5521226761903
2480000000,-31.5544278297188
2480000000,-31.581005676392
2480000000,-31.5191877638232
2480000000,-31.5825922336068
2480000000,-31.5595309903588
2480000000,-31.5538501813997
2480000000,-31.5705263838113
2480000000,-31.56762684496
2480000000,-31.5759003165921
2480000000,-31.5837718050899
2480000000,-31.5724290895325
2480000000,-31.5601380358983
2480000000,-31.5699728796963
2480000000,-31.5761351920216
2480000000,-31.5808989606186
2480000000,-31.583821365391
2480000000,-31.6013076179118
2480000000,-31.5597995048392
2480000000,-31.5706916336224
2480000000,-31.5707147766956
2480000000,-31.5745102407239
2480000000,-31.5603991889889
2480000000,-31.5614424722548
2480000000,-31.5730738757122
2480000000,-31.5803135355157
2480000000,-31.5711833401451
2480000000,-31.5895275722343
2480000000,-31.5555954380179
2480000000,-31.566010954298
2480000000,-31.5858490109766
2480000000,-31.5596932009942
2480000000,-31.5721142619987
2480000000,-31.6069492196848
2480000000,-31.5924272700601
2480000000,-31.5907539275999
2480000000,-31.5846077457529
2480000000,-31.5900433047683
2480000000,-31.5818743702068
2480000000,-31.5883403158821
2480000000,-31.5979741629221
2480000000,-31.5996041602551
2480000000,-31.5952265998457
2480000000,-31.5818088310957
2480000000,-31.6101604272842
2480000000,-31.6074666313767
2480000000,-31.6081837996254
2480000000,-31.6073025377948
2480000000,-31.6160111439764
2480000000,-31.5972529593144
2480000000,-31.5837368258685
2480000000,-31.6041836754511
2480000000,-31.5653439067384
2480000000,-31.5852458048864
2480000000,-31.6007457014748
2480000000,-31.5977415059841
2480000000,-31.5975528090947
2480000000,-31.5933163654893
2480000000,-31.6067166888255
2480000000,-31.6047443081467
2480000000,-31.6016090349468
2480000000,-31.5948350501524
2480000000,-31.5887888478858
2480000000,-31.6259671616766
2480000000,-31.6061476444223
2480000000,-31.6022101491175
2480000000,-31.6104776143351
2480000000,-31.6155466389256
2480000000,-31.602539649833
2480000000,-31.6203029798167
2480000000,-31.5962376038208
2480000000,-31.5924815618664
2480000000,-31.5954897820821
2480000000,-31.6145221893199
2480000000,-31.6164123248521
2480000000,-31.618727979433
2480000000,-31.6120844228265
2480000000,-31.6118811808617
2480000000,-31.6134269772781
2480000000,-31.6270700874914
2480000000,-31.6684752852885
2480000000,-31.6282893442228
2480000000,-31.6292187736348
2480000000,-31.6242779115501
2480000000,-31.6398996489961
2480000000,-31.6445846503745
2480000000,-31.6472444100122
2480000000,-31.6279470378162
2480000000,-31.6565548542288
2480000000,-31.6384484844456
2480000000,-31.6462602663409
2480000000,-31.6633540523761
2480000000,-31.6473763810972
2480000000,-31.6539292284368
2480000000,-31.6721081726079
2480000000,-31.6521128849611
2480000000,-31.6674623576449
2480000000,-31.6711383447885
2480000000,-31.6557911165173
2480000000,-31.6568992018285
2480000000,-31.6634392573334
2480000000,-31.6539912961358
2480000000,-31.667395717347
2480000000,-31.6567536993424
2480000000,-31.6723634988419
2480000000,-31.6547432445418
2480000000,-31.6880374315137
2480000000,-31.6849207457179
2480000000,-31.695648220814
2480000000,-31.691886586468
2480000000,-31.6886630202661
2480000000,-31.6751910547229
2480000000,-31.6853726412453
2480000000,-31.6727858738181
2480000000,-31.6937496200462
2480000000,-31.7061060181172
2480000000,-31.6756367400693
2480000000,-31.6887632136726
2480000000,-31.7001913298277
2480000000,-31.7077135506973
2480000000,-31.690115576972
2480000000,-31.7052240107919
2480000000,-31.719833011174
2480000000,-31.6991963100234
2480000000,-31.6929810586836
2480000000,-31.7079376931053
2480000000,-31.718327638381
2480000000,-31.7024834183363
2480000000,-31.7119336702434
2480000000,-31.7077188945189
2480000000,-31.716140824547
2480000000,-31.7273907143594
2480000000,-31.7224018848534
2480000000,-31.9450118161886
2480000000,-31.7295198931423
2480000000,-31.718833615071
2480000000,-31.7355923249902
2480000000,-31.7512507262524
2480000000,-31.7313407573176
2480000000,-31.7415659891408
2480000000,-31.7601632482984
2480000000,-31.741360304546
2480000000,-31.7737940673812
2480000000,-31.7739026327025
2480000000,-31.7591637166368
2480000000,-31.7400025272906
2480000000,-31.7362528674165
2480000000,-31.7397235389968
2480000000,-31.7333935527935
2480000000,-31.7676902258108
2480000000,-31.7517720837455
2480000000,-31.7695836571713
2480000000,-31.7556942696479
2480000000,-31.7447162528112
2480000000,-31.7986258759775
2480000000,-31.7824291533259
2480000000,-31.782222669244
2480000000,-31.766778601683
2480000000,-31.7680016309829
2480000000,-31.7462635767569
2480000000,-31.773404943829
2480000000,-31.7956634441852
2480000000,-31.7590807200874
2480000000,-31.7718949174822
2480000000,-31.7709125479019
2480000000,-31.7877973816353
2480000000,-31.7781722664172
2480000000,-31.772323783146
2480000000,-31.8051430805219
2480000000,-31.801955389671
2480000000,-31.7904646848366
2480000000,-31.7927571457703
2480000000,-31.7690791792203
2480000000,-31.7677415961936
2480000000,-31.7828342972746
2480000000,-31.7841491928316
2480000000,-31.7807324018976
2480000000,-31.7982972294409
2480000000,-31.7822526214799
2480000000,-31.7896973112886
2480000000,-31.7973302581362
2480000000,-31.7879861261123
2480000000,-31.7875272211987
2480000000,-31.8113949033963
2480000000,-31.795728688008
2480000000,-31.7860922137212
2480000000,-31.8005364325712
2480000000,-31.8028204220254
2480000000,-31.800179987382
2480000000,-31.795451415529
2480000000,-31.7813166374107
2480000000,-31.8143934901053
2480000000,-31.8022504605032
2480000000,-31.8152363526671
2480000000,-31.8006003279027
2480000000,-31.8154639379055
2480000000,-31.8319396132455
2480000000,-31.880653437979
2480000000,-31.7951081169599
2480000000,-31.8212526241658
2480000000,-31.8037133721365
2480000000,-31.8224305210298
2480000000,-31.8083819239717
2480000000,-31.8327797770384
2480000000,-31.8215359089498
2480000000,-31.8065864738615
2480000000,-31.817301382224
2480000000,-31.8298124036004
2480000000,-31.8083316236254
2480000000,-31.8200978364594
2480000000,-31.810159871303
2480000000,-31.8193700305019
2480000000,-31.8130741696283
2480000000,-31.8489510851072
2480000000,-31.8230716823816
2480000000,-31.8470778358744
2480000000,-31.8594778972236
2480000000,-31.8311523395754
2480000000,-31.8409610067805
2480000000,-31.8294915491608
2480000000,-31.817462193498
2480000000,-31.8318237118344
2480000000,-31.8576411080536
2480000000,-31.8361056939949
2480000000,-31.8379204646487
2480000000,-31.8425803991363
2480000000,-31.8337800739385
2480000000,-31.8249464363425
2480000000,-31.8435969916547
2480000000,-31.8397803824685
2480000000,-31.842296043133
2480000000,-31.8439303251879
2480000000,-31.8470684165786
2480000000,-31.8538718215625
2480000000,-31.853617425812
2480000000,-31.8452546315079
2480000000,-31.8336002817484
2480000000,-31.8436896670767
2480000000,-31.8458259237996
2480000000,-31.8447559240334
2480000000,-31.8613087548909
2480000000,-31.8617217804755
2480000000,-31.8595478615492
2480000000,-31.8317829866021
2480000000,-31.8461262161651
2480000000,-31.8528296178396
2480000000,-31.8707487322217
2480000000,-31.8498260373554
2480000000,-31.8554618961626
2480000000,-31.8759136783014
2480000000,-31.8386247646135
2480000000,-31.8814084630365
2480000000,-31.8479668046527
2480000000,-31.8656618504022
2480000000,-31.8571022713422
2480000000,-31.8597981660415
2480000000,-31.8545366298242
2480000000,-31.8553709687481
2480000000,-31.8604581110878
2480000000,-31.8762169625869
2480000000,-31.8480907259276
2480000000,-31.8598089472925
2480000000,-31.883037373968
2480000000,-31.8580364317416
2480000000,-31.8531590234356
2480000000,-31.8706685353276
2480000000,-31.8718431645567
2480000000,-31.8790134893305
2480000000,-31.8698297041509
2480000000,-31.8600026691813
2480000000,-31.8550733839802
2480000000,-31.8793797954127
2480000000,-31.8613560610577
2480000000,-31.8707672934973
2480000000,-31.8724169855342
2480000000,-31.8891051172045
2480000000,-31.8666388815427
2480000000,-31.8712616954474
2480000000,-31.89277736783
2480000000,-31.8566597772177
2480000000,-31.8570820476467
2480000000,-31.862677704862
2480000000,-31.8876096181636
2480000000,-31.8921307618947
2480000000,-31.8901757208086
2480000000,-31.8922211342683
2480000000,-31.8931617708888
2480000000,-31.8673109567916
2480000000,-31.8840471213696
2480000000,-31.8686295375169
2480000000,-31.8838609226621
2480000000,-31.863648105193
2480000000,-31.8848194332275
2480000000,-31.9027925479848
2480000000,-31.8847654434669
2480000000,-31.9179229557252
2480000000,-31.8902255713978
2480000000,-31.9097682415909
2480000000,-31.9080302626641
2480000000,-31.9037265692191
2480000000,-31.8990473330568
2480000000,-31.8930550757309
2480000000,-31.9166150167063
2480000000,-31.8946018690777
2480000000,-31.8859572868901
2480000000,-31.8933237159781
2480000000,-31.922936379303
2480000000,-31.8877288884413
2480000000,-31.9003459700444
2480000000,-31.8948870586752
2480000000,-31.8793921052775
2480000000,-31.8945516774048
2480000000,-31.914599513229
2480000000,-31.8935481243718
2480000000,-31.88636371385
2480000000,-31.923184553125
2480000000,-31.8990878981667
2480000000,-31.9009810676968
2480000000,-31.8852706152388
2480000000,-31.913825132419
2480000000,-31.9138348302509
2480000000,-31.8903515777048
2480000000,-31.9084697685802
2480000000,-31.9173441981355
2480000000,-31.8991723346139
2480000000,-31.9095274006325
2480000000,-31.9103803537611
2480000000,-31.8955352213356
2480000000,-31.9083252907781
2480000000,-31.8973504501619
2480000000,-31.9162309641183
2480000000,-31.9099887433827
2480000000,-31.8970360197271
2480000000,-31.9048254085635
2480000000,-31.9053386452022
2480000000,-31.8945516279356
2480000000,-31.8931165697052
2480000000,-31.9321593757827
2480000000,-31.904583096072
2480000000,-31.9228199690602
2480000000,-31.9076748642084
2480000000,-31.9206738685908
2480000000,-31.9121128678416
2480000000,-31.9005311752338
2480000000,-31.8918772314187
2480000000,-31.9167423119432
2480000000,-31.9115179858715
2480000000,-31.9112177560963
2480000000,-31.9214689977632
2480000000,-31.9233025394939
2480000000,-31.910913255883
2480000000,-31.9050796734004
2480000000,-31.8999669570647
2480000000,-31.9220098889583
2480000000,-31.9234722104416
2480000000,-31.9428081996598
2480000000,-31.9082975397196
2480000000,-31.9348215361924
2480000000,-31.9166840478331
2480000000,-31.9407170179745
2480000000,-31.9147373480621
2480000000,-31.916766025762
2480000000,-31.9279809014505
2480000000,-31.9024095361591
2480000000,-31.9399627793169
2480000000,-31.9463049579258
2480000000,-31.9687347766448
2480000000,-31.9281785048172
2480000000,-31.9060415594265
2480000000,-31.9320218771786
2480000000,-31.93453580157
2480000000,-31.9364775456286
2480000000,-31.9579709180398
2480000000,-31.9378471824669
2480000000,-31.9404934061195
2480000000,-31.9454546854008
2480000000,-31.9613619328514
2480000000,-31.944125328185
2480000000,-31.9669124167493
2480000000,-31.9538367211929
2480000000,-31.9579528772747
2480000000,-31.9499757915651
2480000000,-31.9452199849395
2480000000,-31.9491176441328
2480000000,-31.9834404491547
2480000000,-31.9594925737505
2480000000,-31.9534321933799
2480000000,-31.965250156531
2480000000,-31.9589800081982
2480000000,-31.9576928068056
2480000000,-31.9841394172187
2480000000,-31.9695488419567
2480000000,-31.9731463255782
2480000000,-31.9693429551131
2480000000,-31.9764476182798
2480000000,-31.9982518291913
2480000000,-31.9845787183591
2480000000,-31.9764566594782
2480000000,-32.0032082864224
2480000000,-31.9963238345705
2480000000,-31.9898117655496
2480000000,-31.9840470825611
2480000000,-31.9910549713989
2480000000,-31.9816481111836
2480000000,-31.9837434244574
2480000000,-31.969431290756
2480000000,-31.9805554266856
2480000000,-31.9820602624257
2480000000,-31.9909263180482
2480000000,-31.9837780607848
2480000000,-32.0033165829598
2480000000,-31.9856581285137
2480000000,-31.9931318117627
2480000000,-31.9882328131245
2480000000,-31.9719028004521
2480000000,-31.9928465822931
2480000000,-31.9853024631067
2480000000,-31.9771996761014
2480000000,-31.9589423219845
2480000000,-31.9884653477982
2480000000,-32.0019766197726
2480000000,-31.9910193201511
2480000000,-31.9812998636622
2480000000,-31.9931139943836
2480000000,-31.9775070688626
2480000000,-31.9760114264679
2480000000,-31.9886558754542
2480000000,-31.9956776380814
2480000000,-31.9755119584466
2480000000,-31.9566788862678
2480000000,-31.999327143821
2480000000,-32.0080552333416
2480000000,-32.0037256332328
2480000000,-31.9951743915614
2480000000,-31.990941136255
2480000000,-32.0317151456917
2480000000,-32.0246070651518
2480000000,-32.0113448928004
2480000000,-32.012503570406
2480000000,-31.9909052690227
2480000000,-31.9984902245215
2480000000,-31.9982002581165
2480000000,-32.0064768307833
2480000000,-32.0015149208368
2480000000,-31.9899059560869
2480000000,-32.0116827211758
2480000000,-32.0082080959637
2480000000,-32.015375911022
2480000000,-32.0205566720362
2480000000,-32.0010964596533
2480000000,-32.0254593688282
2480000000,-32.006691341221
2480000000,-32.0123945500078
2480000000,-32.0247205090411
2480000000,-31.9864700764336
2480000000,-32.014473760165
2480000000,-32.0390866500441
2480000000,-31.999747336478
2480000000,-32.020834373121
2480000000,-32.0070917099604
2480000000,-32.0121580503243
2480000000,-31.9864681545588
2480000000,-32.0144474433149
2480000000,-32.0020844358584
2480000000,-32.0288049630715
2480000000,-32.0144519433748
2480000000,-32.0138427611806
2480000000,-31.9995759372675
2480000000,-32.0109486060661
2480000000,-32.0204387175581
2480000000,-32.0172616026204
2480000000,-32.0178306679811
2480000000,-32.0335822346892
2480000000,-32.0254529398529
2480000000,-32.0235124722314
2480000000,-32.0322971585962
2480000000,-32.0262956386572
2480000000,-32.0488938508598
2480000000,-32.0102337371945
2480000000,-32.0227754552854
2480000000,-32.0473834486576
2480000000,-32.0180138616505
2480000000,-32.0103102030566
2480000000,-32.0260250251407
2480000000,-32.0078765566224
2480000000,-32.0369955038452
2480000000,-32.0280184154473
2480000000,-32.0299638453472
2480000000,-32.0039556355662
2480000000,-32.0292629759781
2480000000,-32.0529599068829
2480000000,-32.0160143231914
2480000000,-32.0455788478423
2480000000,-32.05681194749
2480000000,-32.0203543441089
2480000000,-32.0485587194528
2480000000,-32.0411827058738
2480000000,-32.0361861247453
2480000000,-32.0390669137197
2480000000,-32.0465518873319
2480000000,-32.0275696894529
2480000000,-32.0362026259717
2480000000,-32.0530629450018
2480000000,-32.0484388980319
2480000000,-32.0376743078993
2480000000,-32.0629300373987
2480000000,-32.0602347438596
2480000000,-32.0647817457613
2480000000,-32.0504131248732
2480000000,-32.0620656814574
2480000000,-32.0511769854537
2480000000,-32.0527455249717
2480000000,-32.0412644957755
2480000000,-32.0627102576439
2480000000,-32.0678030039148
2480000000,-32.0738134015278
2480000000,-32.052890458271
2480000000,-32.0522296777532
2480000000,-32.0763930597034
2480000000,-32.0502984868845
2480000000,-32.0627556616556
2480000000,-32.048190176556
2480000000,-32.0688107419167
2480000000,-32.0687293718756
2480000000,-32.0639246247098
2480000000,-32.0765896474289
2480000000,-32.0624095475962
2480000000,-32.0863791502076
2480000000,-32.0626856873347
2480000000,-32.0816432726238
2480000000,-32.0739053404626
2480000000,-32.0491867440651
2480000000,-32.0582011033668
2480000000,-32.0654937295417
2480000000,-32.0607139885945
2480000000,-32.0922026669415
2480000000,-32.0742299470252
2480000000,-32.0554560519971
2480000000,-32.0686258540529
2480000000,-32.0998236230705
2480000000,-32.0662843874133
2480000000,-32.0957046492011
2480000000,-32.0634357091263
2480000000,-32.0817176486361
2480000000,-32.0958544276413
2480000000,-32.0848968348482
2480000000,-32.0959039722077
2480000000,-32.0942293377146
2480000000,-32.1011418579825
2480000000,-32.095210651138
2480000000,-32.0818835634607
2480000000,-32.1079814588355
2480000000,-32.109238424739
2480000000,-32.1095117823329
2480000000,-32.1015018681259
2480000000,-32.0946274939002
2480000000,-32.0879370888832
2480000000,-32.1077916880114
2480000000,-32.0666431356995
2480000000,-32.0734292217149
2480000000,-32.0904396102693
2480000000,-32.0841239272613
2480000000,-32.0967680860018
2480000000,-32.0887605142541
2480000000,-32.0940950067641
2480000000,-32.1016632295126
2480000000,-32.09790587577
2480000000,-32.1077121126116
2480000000,-32.1084773948473
2480000000,-32.0960784007498
2480000000,-32.1158445130546
2480000000,-32.1068678696943
2480000000,-32.1069222546225
2480000000,-32.1397821186709
2480000000,-32.1199453850381
2480000000,-32.1088478489271
2480000000,-32.1189426224582
2480000000,-32.1127925913208
2480000000,-32.1213166092669
2480000000,-32.1190805812403
2480000000,-32.1201474740109
2480000000,-32.126844721587
2480000000,-32.11162489576
2480000000,-32.1314733240455
2480000000,-32.1023326342616
2480000000,-32.1060328932346
2480000000,-32.1304918251988
2480000000,-32.106270916636
2480000000,-32.1270434780038
2480000000,-32.11809730035
2480000000,-32.1056983004991
2480000000,-32.1396982591575
2480000000,-32.1173638862144
2480000000,-32.1178422228648
2480000000,-32.1342465917086
2480000000,-32.1187910317887
2480000000,-32.1419604807826
2480000000,-32.1350076770955
2480000000,-32.1309126597586
2480000000,-32.073491140697
2480000000,-32.1448558743275
2480000000,-32.1087010569581
2480000000,-32.1212762509581
2480000000,-32.1491292927535
2480000000,-32.1224840866815
2480000000,-32.1412749351204
2480000000,-32.133609933372
2480000000,-32.1401705165811
2480000000,-32.1362015933906
2480000000,-32.1372257700408
2480000000,-32.1571491559969
2480000000,-32.1377806586041
2480000000,-32.161469033305
2480000000,-32.1422881561135
2480000000,-32.1258176076194
2480000000,-32.1438556808389
2480000000,-32.1273898499221
2480000000,-32.1334404131115
2480000000,-32.1363178943719
2480000000,-32.1470661144863
2480000000,-32.156615173217
2480000000,-32.1395510779067
2480000000,-32.1295533082875
2480000000,-32.1439006839349
2480000000,-32.1699143738884
2480000000,-32.1485150078806
2480000000,-32.1591188790616
2480000000,-32.1392295387844
2480000000,-32.1681565761562
2480000000,-32.1603406622569
2480000000,-32.1600758560194
2480000000,-32.1387166807788
2480000000,-32.1669783949565
2480000000,-32.1514104664748
2480000000,-32.1765655591898
2480000000,-32.1585212382094
2480000000,-32.1571042716296
2480000000,-32.1745501805137
2480000000,-32.17771730239
2480000000,-32.1581124289982
2480000000,-32.1793710526857
2480000000,-32.1579692072834
2480000000,-32.1558725038091
2480000000,-32.1522706250065
2480000000,-32.1843829944337
2480000000,-32.1600540730436
2480000000,-32.1683494166019
2480000000,-32.1849453661041
2480000000,-32.1883699922124
2480000000,-32.1805065698043
2480000000,-32.1633692476291
2480000000,-32.179078932591
2480000000,-32.1689409301652
2480000000,-32.1935632172926
2480000000,-32.1806468351048
2480000000,-32.1687112431553
2480000000,-32.181395253906
2480000000,-32.1841768161449
2480000000,-32.1777460248121
2480000000,-32.1852108715525
2480000000,-32.1686440221367
2480000000,-32.2032371854135
2480000000,-32.1850077326083
2480000000,-32.1862944822394
2480000000,-32.1974435888067
2480000000,-32.1874727046575
2480000000,-32.192193707082
2480000000,-32.1970343790623
2480000000,-32.1963383129996
2480000000,-32.1956444952478
2480000000,-32.1799646217911
2480000000,-32.1907702426421
2480000000,-32.1638263567993
2480000000,-32.1859631169755
2480000000,-32.2001994264253
2480000000,-32.1889314057105
2480000000,-32.1999836842812
2480000000,-32.1882447580592
2480000000,-32.1764074022241
2480000000,-32.2152962301571
2480000000,-32.1885766641365
2480000000,-32.1750147176482
2480000000,-32.1888637380208
2480000000,-32.1898308127646
2480000000,-32.2096373413407
2480000000,-32.203469493959
2480000000,-32.2115741387129
2480000000,-32.1933527205928
2480000000,-32.1871879131529
2480000000,-32.1902092552888
2480000000,-32.1677930012279
2480000000,-32.1865210437072
2480000000,-32.1967680714704
2480000000,-32.1761232353527
2480000000,-32.2167146182165
2480000000,-32.1891027445362
2480000000,-32.2239697966773
2480000000,-32.188724588729
2480000000,-32.1830903529308
2480000000,-32.2055038814264
2480000000,-32.2065425784016
2480000000,-32.1821101639226
2480000000,-32.2119342610947
2480000000,-32.1942917152024
2480000000,-32.2270494947775
2480000000,-32.2240233314366
2480000000,-32.1997752957491
2480000000,-32.21686206939
2480000000,-32.1966597580744
2480000000,-32.2117665100576
2480000000,-32.2126308934132
2480000000,-32.202768081966
2480000000,-32.2091526180826
2480000000,-32.2074495820028
2480000000,-32.2082604608471
2480000000,-32.2109639049286
2480000000,-32.1900864603624
2480000000,-32.206148815579
2480000000,-32.2223793095246
2480000000,-32.2328150873751
2480000000,-32.2100830514162
2480000000,-32.1921886803047
2480000000,-32.1886855139713
2480000000,-32.2302624534087
2480000000,-32.1979975427557
2480000000,-32.209848295966
2480000000,-32.2058313771791
2480000000,-32.2030305908679
2480000000,-32.230226063927
2480000000,-32.2116301976099
2480000000,-32.2537480074232
2480000000,-32.267629708751
2480000000,-32.2106551557511
2480000000,-32.2134531848185
2480000000,-32.2319340454669
2480000000,-32.2330231153122
2480000000,-32.2157472273076
2480000000,-32.2030857034111
2480000000,-32.2390272477901
2480000000,-32.2316654655903
2480000000,-32.1993908988286
2480000000,-32.2366208601792
2480000000,-32.2348725128411
2480000000,-32.2272458169344
2480000000,-32.218908982558
2480000000,-32.2311269106508
2480000000,-32.2383225607723
2480000000,-32.2263185401967
2480000000,-32.2182107962724
2480000000,-32.2566037247043
2480000000,-32.2293556950217
2480000000,-32.2283438105927
2480000000,-32.2208205675669
2480000000,-32.2643427272379
2480000000,-32.2491312398108
2480000000,-32.2218691040422
2480000000,-32.2451441256936
2480000000,-32.2332447036066
2480000000,-32.2286132755661
2480000000,-32.2537517127518
2480000000,-32.2477772006665
2480000000,-32.234453080007
2480000000,-32.2460272725248
2480000000,-32.2582853795006
2480000000,-32.2286417350742
2480000000,-32.2584186440736
2480000000,-32.2436366952272
2480000000,-32.2661566435812
2480000000,-32.2550787775865
2480000000,-32.2430038149524
2480000000,-32.2714579117364
2480000000,-32.2379439500787
2480000000,-32.2274459743596
2480000000,-32.2749446337078
2480000000,-32.2458947338094
2480000000,-32.2683298024739
2480000000,-32.2563274729021
2480000000,-32.2397165143363
2480000000,-32.2805669481212
2480000000,-32.2505449552481
2480000000,-32.2747057554726
2480000000,-32.2562504664725
2480000000,-32.2730228750654
2480000000,-32.2642660549346
2480000000,-32.2613961331452
2480000000,-32.2659874490542
2480000000,-32.2593708831835
2480000000,-32.2598885221852
2480000000,-32.2676162947792
2480000000,-32.2927264481401
2480000000,-32.2692329067185
2480000000,-32.2813613392022
2480000000,-32.2648743240851
2480000000,-32.272343710526
2480000000,-32.2609863013087
2480000000,-32.2768648180576
2480000000,-32.2646742422914
2480000000,-32.2747976662277
2480000000,-32.2758515254406
2480000000,-32.2783631047806
2480000000,-32.2864514275408
2480000000,-32.0924718949784
2480000000,-32.2840963981877
2480000000,-32.2757656642883
2480000000,-32.2670742993841
2480000000,-32.2867560031204
2480000000,-32.2813765582205
2480000000,-32.2879866087051
2480000000,-32.2758513023887
2480000000,-32.2736407729733
2480000000,-32.27615077788
2480000000,-32.2662441238612
2480000000,-32.2986871948295
2480000000,-32.2746219652239
2480000000,-32.2922532396736
2480000000,-32.2750514104016
2480000000,-32.2912647378274
2480000000,-32.277547616145
2480000000,-32.2775362568854
2480000000,-32.2770569140084
2480000000,-32.2608985021559
2480000000,-32.2789198198323
2480000000,-32.2419394889923
2480000000,-32.252116463124
2480000000,-32.2856219363307
2480000000,-32.2549560132011
2480000000,-32.2801855339433
2480000000,-32.2670049077587
2480000000,-32.2658513542705
2480000000,-32.2561310714991
2480000000,-32.263273955226
2480000000,-32.2793622188307
2480000000,-32.2722141916383
2480000000,-32.2644631801318
2480000000,-32.2553425206847
2480000000,-32.279442076409
2480000000,-32.2503374524021
2480000000,-32.2787297464224
2480000000,-32.2881774232528
2480000000,-32.250547899958
2480000000,-32.2487995102677
2480000000,-32.2653526982662
2480000000,-32.26400858765
2480000000,-32.2619817512391
2480000000,-32.273145348117
2480000000,-32.2624459206433
2480000000,-32.2568028362771
2480000000,-32.2654922978228
2480000000,-32.2566518379316
2480000000,-32.2707785731373
2480000000,-32.2615739752128
2480000000,-32.2555171574637
2480000000,-32.2843073016359
2480000000,-32.2516773247313
2480000000,-32.2532609144938
2480000000,-32.2621195360189
2480000000,-32.2692047463529
2480000000,-32.262908958175
2480000000,-32.2507777745363
2480000000,-32.2390579630166
2480000000,-32.2917744065484
2480000000,-32.2448639444918
2480000000,-32.2832624917849
2480000000,-32.2765500278576
2480000000,-32.2498241376315
2480000000,-32.2534069728038
2480000000,-32.262076087281
2480000000,-32.2588053740437
2480000000,-32.2706568221882
2480000000,-32.2404539053127
2480000000,-32.2538193298304
2480000000,-32.2538354116975
2480000000,-32.2565503744149
2480000000,-32.2550917939212
2480000000,-32.2501255716081
2480000000,-32.2582994058141
2480000000,-32.2605628678465
2480000000,-32.2602922420288
2480000000,-32.2542674001285
2480000000,-32.2569643698558
2480000000,-32.2485087188057
2480000000,-32.2576408696454
2480000000,-32.2760527087388
2480000000,-32.2608681657315
2480000000,-32.2595693063968
2480000000,-32.2688187859861
2480000000,-32.2974552115168
2480000000,-32.2417460336425
2480000000,-32.2631685749874
2480000000,-32.2621633887294
2480000000,-32.2467635200097
2480000000,-32.2624385932582
2480000000,-32.2582945980584
2480000000,-32.2781833388429
2480000000,-32.2624554418596
2480000000,-32.2769348959547
2480000000,-32.2762731862339
2480000000,-32.2714244771714
2480000000,-32.2695357588665
2480000000,-32.254789059105
2480000000,-32.260426588405
2480000000,-32.25596906182
2480000000,-32.2731285203459
2480000000,-32.2672961524624
2480000000,-32.2567649149427
2480000000,-32.2570436710149
2480000000,-32.2729579690094
2480000000,-32.2524867111637
2480000000,-32.265888875555
2480000000,-32.2745526791222
2480000000,-32.2813693113045
2480000000,-32.2630277759202
2480000000,-32.2760196692302
2480000000,-32.2990919978911
2480000000,-32.2533408934081
2480000000,-32.2917863746441
2480000000,-32.2642298339789
2480000000,-32.2972879727335
2480000000,-32.2717042223773
2480000000,-32.2719012316524
2480000000,-32.2706934751337
2480000000,-32.2813475163835
2480000000,-32.2597791612593
2480000000,-32.275940006272
2480000000,-32.2822383613338
2480000000,-32.2808808108311
2480000000,-32.3052026282367
2480000000,-32.2808223418844
2480000000,-32.2932040676096
2480000000,-32.2475092263072
2480000000,-32.2619089254462
2480000000,-32.2971562979977
2480000000,-32.2886938053156
2480000000,-32.2926871218231
2480000000,-32.2900426920214
2480000000,-32.2788716898989
2480000000,-32.300712486374
2480000000,-32.2914500469332
2480000000,-32.3102061460508
2480000000,-32.2659955992914
2480000000,-32.2751063910647
2480000000,-32.3064436312527
2480000000,-32.2705591044543
2480000000,-32.290892444453
2480000000,-32.2990429962534
2480000000,-32.3095822905364
2480000000,-32.2985873554045
2480000000,-32.2949659923745
2480000000,-32.3004660272498
2480000000,-32.3257500303009
2480000000,-32.3027870832145
2480000000,-32.296449936177
2480000000,-32.2832019312647
2480000000,-32.2916753594406
2480000000,-32.2932226605756
2480000000,-32.2774680362701
2480000000,-32.3095341257081
2480000000,-32.2804493397406
2480000000,-32.2932343909794
2480000000,-32.2889994098569
2480000000,-32.2819922614084
2480000000,-32.3078191249242
2480000000,-32.2670994958056
2480000000,-32.2736059421137
2480000000,-32.3025424973039
2480000000,-32.2857138710467
2480000000,-32.2825029713762
2480000000,-32.3058768951753
2480000000,-32.2854877465794
2480000000,-32.2820846509404
2480000000,-32.2928540142382
2480000000,-32.2926310072341
2480000000,-32.303493493698
2480000000,-32.307583405748
2480000000,-32.3084896291778
2480000000,-32.2920244912493
2480000000,-32.3219009526323
2480000000,-32.3090089658745
2480000000,-32.2871329229801
2480000000,-32.2944732956084
2480000000,-32.3052689745586
2480000000,-32.3033756062659
2480000000,-32.2713593271221
2480000000,-32.3062882463699
2480000000,-32.307812977813
2480000000,-32.3121490167388
2480000000,-32.3027493882644
2480000000,-32.3054056698194
2480000000,-32.3069106683534
2480000000,-32.3048792994096
2480000000,-32.309311676442
2480000000,-32.3216895277939
2480000000,-32.2711159475902
2480000000,-32.3115860612759
2480000000,-32.3180435902898
2480000000,-32.3170664420695
2480000000,-32.2967889446661
2480000000,-32.3196501467515
2480000000,-32.3142061346645
2480000000,-32.3054722108452
2480000000,-32.3226426617797
2480000000,-32.3081964926885
2480000000,-32.3089173021997
2480000000,-32.3210025233338
2480000000,-32.3109830256985
2480000000,-32.2916458424884
2480000000,-32.292345248675
2480000000,-32.301125339687
2480000000,-32.2696092531927
2480000000,-32.3002301385646
2480000000,-32.3227151222058
2480000000,-32.3151899263611
2480000000,-32.3216026442982
2480000000,-32.3095711487359
2480000000,-32.2991772136772
2480000000,-32.3135277061715
2480000000,-32.3186424912919
2480000000,-32.2953032780052
2480000000,-32.3203234659737
2480000000,-32.286242321989
2480000000,-32.3119208554784
2480000000,-32.3218487981659
2480000000,-32.3431423747671
2480000000,-32.3239488711518
2480000000,-32.3345040008018
2480000000,-32.3592261219234
2480000000,-32.3120415886551
2480000000,-32.1192625251621
2480000000,-32.3310256080692
2480000000,-32.3468388260007
2480000000,-32.2891859587782
2480000000,-32.3472477261605
2480000000,-32.323194749973
2480000000,-32.3228368414226
2480000000,-32.3399515466482
2480000000,-32.327844377808
2480000000,-32.3272671561327
2480000000,-32.3357561096462
2480000000,-32.3389496571887
2480000000,-32.3348407015933
2480000000,-32.3326870133697
2480000000,-32.3401265394717
2480000000,-32.323120592561
2480000000,-32.327274271908
2480000000,-32.3336238732653
2480000000,-32.3415523828442
2480000000,-32.337769046155
2480000000,-32.3372864626063
2480000000,-32.329844470935
2480000000,-32.3351816013048
2480000000,-32.3270619030729
2480000000,-32.3545690597326
2480000000,-32.3329754424839
2480000000,-32.326264775336
2480000000,-32.3446774936211
2480000000,-32.3471296272926
2480000000,-32.3430498666671
2480000000,-32.3458179713992
2480000000,-32.3498952318129
2480000000,-32.3478493737673
2480000000,-32.3403805247256
2480000000,-32.3382261674058
2480000000,-32.3419050138862
2480000000,-32.3507257693081
2480000000,-32.3469217583662
2480000000,-32.352701371516
2480000000,-32.3352283606311
2480000000,-32.3454187230264
2480000000,-32.357552316546
2480000000,-32.3614745697568
2480000000,-32.340952030042
2480000000,-32.334222138103
2480000000,-32.3145494298756
2480000000,-32.3328994073091
2480000000,-32.3531975628746
2480000000,-32.3379920780493
2480000000,-32.3442183682784
2480000000,-32.3461504534858
2480000000,-32.3306717086385
2480000000,-32.3554792712054
2480000000,-32.3622871092241
2480000000,-32.3449630340928
2480000000,-32.3632686018356
2480000000,-32.3404267218789
2480000000,-32.3496170843345
2480000000,-32.3735057103868
2480000000,-32.3417525439469
2480000000,-32.3660206239404
2480000000,-32.3574941105475
2480000000,-32.3455297173397
2480000000,-32.3506568641207
2480000000,-32.3458005594064
2480000000,-32.3791649327227
2480000000,-32.3507114350697
2480000000,-32.363851053349
2480000000,-32.361158001705
2480000000,-32.362545629823
2480000000,-32.3466073543242
2480000000,-32.346080002704
2480000000,-32.3327719810184
2480000000,-32.3522222472304
2480000000,-32.3489434942055
2480000000,-32.3338065991179
2480000000,-32.3531052571317
2480000000,-32.3573148754266
2480000000,-32.3302184038915
2480000000,-32.341119010313
2480000000,-32.3363216398054
2480000000,-32.3475462907978
2480000000,-32.3390548323753
2480000000,-32.3147064746853
2480000000,-32.3440489649212
2480000000,-32.3446623760281
2480000000,-32.345620541446
2480000000,-32.3245922133862
2480000000,-32.3349160800393
2480000000,-32.328811546293
2480000000,-32.3541016976527
2480000000,-32.3377110760026
2480000000,-32.3203420841345
2480000000,-32.3512474947064
2480000000,-32.3392242041136
2480000000,-32.3370121932675
2480000000,-32.3531487361255
2480000000,-32.3472289902711
2480000000,-32.3337052710365
2480000000,-32.330501593504
2480000000,-32.3459174285986
2480000000,-32.330703819939
2480000000,-32.3554626880106
2480000000,-32.3292064622163
2480000000,-32.3569083992054
2480000000,-32.3513019217413
2480000000,-32.3231867011176
2480000000,-32.3393631043503
2480000000,-32.3070309223659
2480000000,-32.3554905007376
2480000000,-32.3248137500289
2480000000,-32.3555033276866
2480000000,-32.3674111902904
2480000000,-32.3587475101696
2480000000,-32.3271166914656
2480000000,-32.3824515207097
2480000000,-32.3459069170738
2480000000,-32.3278280534032
2480000000,-32.3330196303557
2480000000,-32.37629862588
2480000000,-32.3399655369739
2480000000,-32.336613519577
2480000000,-32.3360540004756
2480000000,-32.3554655732905
2480000000,-32.3435640999314
2480000000,-32.3615751054032
2480000000,-32.3583215659133
2480000000,-32.3457048624661
2480000000,-32.3443667890238
2480000000,-32.342995204918
2480000000,-32.3338328783549
2480000000,-32.3456318868762
2480000000,-32.3638076291099
2480000000,-32.3449139262331
2480000000,-32.3611413192416
2480000000,-32.3602433475989
2480000000,-32.3352744423817
2480000000,-32.3713766522563
2480000000,-32.3465570993904
2480000000,-32.3440536970757
2480000000,-32.374696779721
2480000000,-32.350812909737
2480000000,-32.3623813179726
2480000000,-32.3290881446341
2480000000,-32.3574269561933
2480000000,-32.3394303683326
2480000000,-32.3421411080819
2480000000,-32.3597452650614
2480000000,-32.3532992401133
2480000000,-32.3649336990695
2480000000,-32.3523120809762
2480000000,-32.3556253503601
2480000000,-32.3587108538928
2480000000,-32.3651959164229
2480000000,-32.3661926273039
2480000000,-32.3542871479097
2480000000,-32.3380982803099
2480000000,-32.3512400175835
2480000000,-32.3284342938188
2480000000,-32.3740969437793
2480000000,-32.3497790158364
2480000000,-32.3252630877308
2480000000,-32.3533356577552
2480000000,-32.3405259482617
2480000000,-32.3390331601493
2480000000,-32.3694079672515
2480000000,-32.3687279451066
2480000000,-32.3762741438258
2480000000,-32.3541135242721
2480000000,-32.3561629097906
2480000000,-32.3644640634623
2480000000,-32.3441854699328
2480000000,-32.3439967100626
2480000000,-32.3412432404945
2480000000,-32.361788357944
2480000000,-32.3721541827068
2480000000,-32.3464720530126
2480000000,-32.3543940830163
2480000000,-32.3587176628444
2480000000,-32.3410952281643
2480000000,-32.3759156695008
2480000000,-32.3477644569205
2480000000,-32.3577583982179
2480000000,-32.3696872926194
2480000000,-32.35853583724
2480000000,-32.365983353886
2480000000,-32.35844804074
2480000000,-32.3868349975854
2480000000,-32.3575414142096
2480000000,-32.371501140242
2480000000,-32.3569970631438
2480000000,-32.3572451050295
2480000000,-32.3646480706346
2480000000,-32.3426033095327
2480000000,-32.364979292747
2480000000,-32.3777557531127
2480000000,-32.3554443374024
2480000000,-32.3718190217055
2480000000,-32.3814273689593
2480000000,-32.3549439587624
2480000000,-32.3716698071667
2480000000,-32.3669514308727
2480000000,-32.3342700827895
2480000000,-32.3607857746668
2480000000,-32.3659566405263
2480000000,-32.3778303588845
2480000000,-32.347374288242
2480000000,-32.3531330496497
2480000000,-32.3568620722293
2480000000,-32.3398084580611
2480000000,-32.374624803166
2480000000,-32.3756672069378
2480000000,-32.3460704025221
2480000000,-32.3684922818319
2480000000,-32.3433889968981
2480000000,-32.3692209626696
2480000000,-32.361210863179
2480000000,-32.3737776457774
2480000000,-32.3579939311557
2480000000,-32.3816211812088
2480000000,-32.3687553240591
2480000000,-32.3575316151811
2480000000,-32.3782687376413
2480000000,-32.3468344438363
2480000000,-32.3546252656911
2480000000,-32.3640706197189
2480000000,-32.337201404613
2480000000,-32.3531652093509
2480000000,-32.3344726766265
2480000000,-32.3707784022093
2480000000,-32.3759686576033
2480000000,-32.3594619283003
2480000000,-32.3587999408961
2480000000,-32.3761574886211
2480000000,-32.375511791709
2480000000,-32.3977151593885
2480000000,-32.3609092532911
2480000000,-32.3664365022008
2480000000,-32.3618507769345
2480000000,-32.3744901616336
2480000000,-32.3888015223762
2480000000,-32.377964511137
2480000000,-32.3787253373977
2480000000,-32.3306514433249
2480000000,-32.3707647933025
2480000000,-32.3667244814378
2480000000,-32.357830717302
2480000000,-32.3644109404352
2480000000,-32.3443222706228
2480000000,-32.3865322017081
2480000000,-32.3768828659971
2480000000,-32.3580788639858
2480000000,-32.3606685246016
2480000000,-32.3885241251198
2480000000,-32.3759712739631
2480000000,-32.3817278853429
2480000000,-32.354176571073
2480000000,-32.3459680592798
2480000000,-32.3860643602963
2480000000,-32.3757332517563
2480000000,-32.3727681569318
2480000000,-32.3646801935735
2480000000,-32.3793742542526
2480000000,-32.3734843567951
2480000000,-32.3914388713221
2480000000,-32.3904196963023
2480000000,-32.3517709820221
2480000000,-32.3754812018646
2480000000,-32.3739372126174
2480000000,-32.3663071091226
2480000000,-32.4005911229834
2480000000,-32.3862749741488
2480000000,-32.3859879402782
2480000000,-32.3872115761823
2480000000,-32.3727752462169
2480000000,-32.3826880303062
2480000000,-32.3789965526808
2480000000,-32.3639822353592
2480000000,-32.3666286915238
2480000000,-32.3775881640264
2480000000,-32.3848305242995
2480000000,-32.3585025276995
2480000000,-32.3920308332434
2480000000,-32.3744697732502
2480000000,-32.3742631505718
2480000000,-32.372184672337
2480000000,-32.3889309553577
2480000000,-32.3886474437389
2480000000,-32.3712750037898
2480000000,-32.3892955778188
2480000000,-32.3619918084792
2480000000,-32.367938655226
2480000000,-32.3944016865887
2480000000,-32.3767901667624
2480000000,-32.3723034793765
2480000000,-32.4058744595364
2480000000,-32.3788836088664
2480000000,-32.4042572092456
2480000000,-32.3828994482237
2480000000,-32.3975752065231
2480000000,-32.3776300046215
2480000000,-32.3680154740953
2480000000,-32.3630600661075
2480000000,-32.3743807847483
2480000000,-32.3772129303129
2480000000,-32.3806214770854
2480000000,-32.3719481686639
2480000000,-32.385564426981
2480000000,-32.3967586533741
2480000000,-32.3966434604645
2480000000,-32.3775014385106
2480000000,-32.3937109377922
2480000000,-32.3910534659553
2480000000,-32.3861179226313
2480000000,-32.3947906684155
2480000000,-32.3800429744992
2480000000,-32.3598410154627
2480000000,-32.4039256409147
2480000000,-32.3829149583255
2480000000,-32.3712967544356
2480000000,-32.3716969913676
2480000000,-32.3652210840042
2480000000,-32.383264520121
2480000000,-32.3662987364632
2480000000,-32.3800313183885
2480000000,-32.3687180385598
2480000000,-32.3516064191865
2480000000,-32.3891842925732
2480000000,-32.3883616992309
2480000000,-32.3778440759844
2480000000,-32.3827433282832
2480000000,-32.3802594615752
2480000000,-32.3889035801167
2480000000,-32.3788715200367
2480000000,-32.3746561331221
2480000000,-32.3977626760738
2480000000,-32.3878589570622
2480000000,-32.38510226809
2480000000,-32.3779614377742
2480000000,-32.3770317856072
2480000000,-32.3766114097305
2480000000,-32.3800524049869
2480000000,-32.3685458725914
2480000000,-32.3820300298872
2480000000,-32.4003787864818
2480000000,-32.3895361163456
2480000000,-32.3709645170171
2480000000,-32.4023562022752
2480000000,-32.3837918170851
2480000000,-32.3912248134734
2480000000,-32.3848107990896
2480000000,-32.3880842980823
2480000000,-32.3992013216893
2480000000,-32.395313832046
2480000000,-32.3956616139715
2480000000,-32.3531461764659
2480000000,-32.3945696298033
2480000000,-32.4059244062658
2480000000,-32.3821905016288
2480000000,-32.3760658340758
2480000000,-32.3842448237074
2480000000,-32.3857777321951
2480000000,-32.3971219432407
2480000000,-32.3942809464386
2480000000,-32.3928864196312
2480000000,-32.3726870988711
2480000000,-32.3685132435221
2480000000,-32.3948099908195
2480000000,-32.3884933164311
2480000000,-32.3824250669767
2480000000,-32.3750397312795
2480000000,-32.3775573866912
2480000000,-32.3594019221631
2480000000,-32.3421216120462
2480000000,-32.3924014599443
2480000000,-32.3794891159252
2480000000,-32.3895530580833
2480000000,-32.3588281764907
2480000000,-32.3822501045301
2480000000,-32.368875526919
2480000000,-32.3716847249112
2480000000,-32.4028186417477
2480000000,-32.3743547237496
2480000000,-32.3641901443027
2480000000,-32.3862581860271
2480000000,-32.3823376143938
2480000000,-32.3944719262271
2480000000,-32.3787115390242
2480000000,-32.3900593898336
2480000000,-32.3915476269865
2480000000,-32.3640348509672
2480000000,-32.377824362141
2480000000,-32.4093703169991
2480000000,-32.3758667904281
2480000000,-32.3688156072063
2480000000,-32.3804221621705
2480000000,-32.3983859202628
2480000000,-32.3998871677596
2480000000,-32.3631359948447
2480000000,-32.3958685017556
2480000000,-32.3700574026776
2480000000,-32.37804865265
2480000000,-32.3729869954881
2480000000,-32.4053213095196
2480000000,-32.3832786116215
2480000000,-32.3863640336923
2480000000,-32.3949976967986
2480000000,-32.3917443292058
2480000000,-32.3892217573631
2480000000,-32.3873776148345
2480000000,-32.3848904984449
2480000000,-32.3945476327304
2480000000,-32.3801824644443
2480000000,-32.3753084234118
2480000000,-32.3920567893974
2480000000,-32.4133197546973
2480000000,-32.3535644086212
2480000000,-32.39032531984
2480000000,-32.3654636935585
2480000000,-32.3634191480719
2480000000,-32.3806665693865
2480000000,-32.3968669473061
2480000000,-32.3839302542532
2480000000,-32.3777261103049
2480000000,-32.3779569134927
2480000000,-32.3890580897371
2480000000,-32.385428192009
2480000000,-32.3917342601887
2480000000,-32.3801582492957
2480000000,-32.4009869686239
2480000000,-32.3821907676902
2480000000,-32.376245434024
2480000000,-32.3822795924492
2480000000,-32.3848178918474
2480000000,-32.3666693301706
2480000000,-32.382897890082
2480000000,-32.3918627063492
2480000000,-32.3923175803759
2480000000,-32.3682067492376
2480000000,-32.3774582830825
2480000000,-32.3495573146027
2480000000,-32.3890781750684
2480000000,-32.4006330312205
2480000000,-32.3817822675373
2480000000,-32.3909278373182
2480000000,-32.3841200250692
2480000000,-32.3849072757358
2480000000,-32.3945178288262
2480000000,-32.3582032198591
2480000000,-32.3696559431663
2480000000,-32.366755623167
2480000000,-32.3939725793352
2480000000,-32.3896447503097
2480000000,-32.3801753718108
2480000000,-32.3644992377997
2480000000,-32.3845280045922
2480000000,-32.3852568917732
2480000000,-32.4074488387636
2480000000,-32.3923026416415
2480000000,-32.4016160279769
2480000000,-32.4045421180894
2480000000,-32.3891504718109
2480000000,-32.3838980981934
2480000000,-32.3840967798986
2480000000,-32.3847790162139
2480000000,-32.4020012559741
2480000000,-32.3957599634288
2480000000,-32.4020236291904
2480000000,-32.3922910783017
2480000000,-32.3885565412851
2480000000,-32.3887017048124
2480000000,-32.3595127455262
2480000000,-32.3862045577105
2480000000,-32.3896629912017
2480000000,-32.3873966703873
2480000000,-32.3964787748149
2480000000,-32.3958339922005
2480000000,-32.398660354215
2480000000,-32.4000676432775
2480000000,-32.3900871741438
2480000000,-32.3966773930956
2480000000,-32.3892032788673
2480000000,-32.3758151694559
2480000000,-32.3896358857895
2480000000,-32.4120629178616
2480000000,-32.4002904293383
2480000000,-32.387287345329
2480000000,-32.3738669531293
2480000000,-32.4203386674519
2480000000,-32.4196798911035
2480000000,-32.4009208284939
2480000000,-32.3906252166039
2480000000,-32.3937869821142
2480000000,-32.4003948557883
2480000000,-32.3907754008089
2480000000,-32.3938245754388
2480000000,-32.3857517651771
2480000000,-32.4058814389355
2480000000,-32.3939910199527
2480000000,-32.3821896817489
2480000000,-32.3905549010574
2480000000,-32.3888274543585
2480000000,-32.3998011528886
2480000000,-32.3980626023575
2480000000,-32.4056127273942
2480000000,-32.4212877983171
2480000000,-32.407232918064
2480000000,-32.4139560895552
2480000000,-32.4147485876551
2480000000,-32.3897324548839
2480000000,-32.3928179934622
2480000000,-32.4029271879275
2480000000,-32.3931517053562
2480000000,-32.3812718541475
2480000000,-32.4031245455835
2480000000,-32.390931521478
2480000000,-32.3984930738172
2480000000,-32.3835835184711
2480000000,-32.4038186123035
2480000000,-32.3833045311983
2480000000,-32.4262828898861
2480000000,-32.4137861016736
2480000000,-32.3998250071109
2480000000,-32.4192792687455
2480000000,-32.3822925392226
2480000000,-32.402832568506
2480000000,-32.3928618644246
2480000000,-32.4066604382398
2480000000,-32.4286357269728
2480000000,-32.4251302189201
2480000000,-32.3950393866828
2480000000,-32.4012128882892
2480000000,-32.4135178023993
2480000000,-32.4017473556346
2480000000,-32.4176721851218
2480000000,-32.398534950507
2480000000,-32.4144614891015
2480000000,-32.4336266645737
2480000000,-32.4183308424239
2480000000,-32.410118055331
2480000000,-32.4115284629266
2480000000,-32.3991123058645
2480000000,-32.3805788458205
2480000000,-32.4029308884826
2480000000,-32.4239153195091
2480000000,-32.4134531312718
2480000000,-32.3849270769949
2480000000,-32.4029303558753
2480000000,-32.4060305020198
2480000000,-32.3841052279656
2480000000,-32.3821258927351
2480000000,-32.4046037921519
2480000000,-32.4293418693245
2480000000,-32.4148942813968
2480000000,-32.4185179275365
2480000000,-32.3769968313632
2480000000,-32.3918468110733
2480000000,-32.3876699456877
2480000000,-32.4252540166926
2480000000,-32.3994146098123
2480000000,-32.4353006572173
2480000000,-32.3913891832576
2480000000,-32.4177684975351
2480000000,-32.401914950096
2480000000,-32.4198112031596
2480000000,-32.4244482968972
2480000000,-32.4151601476069
2480000000,-32.4143309135729
2480000000,-32.4284391385077
2480000000,-32.4301728975803
2480000000,-32.4036458297942
2480000000,-32.4134569350567
2480000000,-32.4420331933768
2480000000,-32.4201314985452
2480000000,-32.4377424788384
2480000000,-32.4163007200571
2480000000,-32.4392392148376
2480000000,-32.4436039783208
2480000000,-32.4558594133276
2480000000,-32.4837376624961
2480000000,-32.4659562365893
2480000000,-32.4167641763139
2480000000,-32.4614126041298
2480000000,-32.4473392195497
2480000000,-32.4546527691002
2480000000,-32.4344823877615
2480000000,-32.4327459452716
2480000000,-32.4548331429326
2480000000,-32.4581420265805
2480000000,-32.469438838361
2480000000,-32.4614062040108
2480000000,-32.4571083618321
2480000000,-32.4331235727159
2480000000,-32.4629672317372
2480000000,-32.4459093762772
2480000000,-32.4521132117157
2480000000,-32.4309074330244
2480000000,-32.4468529694765
2480000000,-32.4516011764907
2480000000,-32.4449008045026
2480000000,-32.425518535719
2480000000,-32.4658442022035
2480000000,-32.4598697176505
2480000000,-32.4531027728006
2480000000,-32.4818917987002
2480000000,-32.4659968800947
2480000000,-32.47810933773
2480000000,-32.4897542993562
2480000000,-32.4578155942847
2480000000,-32.4489998466438
2480000000,-32.4450841098588
2480000000,-32.4683878619132
2480000000,-32.4712671254799
2480000000,-32.4688364093362
2480000000,-32.4669281459353
2480000000,-32.4674348112916
2480000000,-32.4763575845028
2480000000,-32.492633224987
2480000000,-32.4753452100122
2480000000,-32.4582118139341
2480000000,-32.504503634512
2480000000,-32.4778719572726
2480000000,-32.4618407430748
2480000000,-32.4465026384393
2480000000,-32.490352248574
2480000000,-32.467562510058
2480000000,-32.4923664683213
2480000000,-32.4826561437668
2480000000,-32.475651512316
2480000000,-32.4765894388503
2480000000,-32.4541207548818
2480000000,-32.4931720604594
2480000000,-32.474602811891
2480000000,-32.4614204866943
2480000000,-32.462203616582
2480000000,-32.4699088202208
2480000000,-32.4658196612321
2480000000,-32.4853508432601
2480000000,-32.4710604068316
2480000000,-32.480633370579
2480000000,-32.481602567206
2480000000,-32.4589550604444
2480000000,-32.4784406031288
2480000000,-32.4527354645243
2480000000,-32.4805568826282
2480000000,-32.4768020350234
2480000000,-32.4758975324015
2480000000,-32.4558284937304
2480000000,-32.4819736048468
2480000000,-32.4864547584909
2480000000,-32.4781436572244
2480000000,-32.4898331991262
2480000000,-32.4640633003401
2480000000,-32.4741161786971
2480000000,-32.4737075870133
2480000000,-32.4650384361164
2480000000,-32.5269747501519
2480000000,-32.4777653698359
2480000000,-32.4669858270564
2480000000,-32.469103097279
2480000000,-32.4869538912921
2480000000,-32.4793213463564
2480000000,-32.4651554722204
2480000000,-32.4580607033674
2480000000,-32.4553408582198
2480000000,-32.47368503852
2480000000,-32.4695131419415
2480000000,-32.4569365414912
2480000000,-32.4801753146145
2480000000,-32.4487193803549
2480000000,-32.4906405067672
2480000000,-32.4799831840278
2480000000,-32.4537328435676
2480000000,-32.4858276885564
2480000000,-32.4334660644447
2480000000,-32.4905014159258
2480000000,-32.4876428144597
2480000000,-32.4687511584605
2480000000,-32.4766652785676
2480000000,-32.4567401682854
2480000000,-32.4492955220057
2480000000,-32.4841170527562
2480000000,-32.463704697795
2480000000,-32.4458993036359
2480000000,-32.4675468612857
2480000000,-32.4824532397341
2480000000,-32.475266265653
2480000000,-32.4898290318459
2480000000,-32.4627311063953
2480000000,-32.4818990399078
2480000000,-32.4679309503153
2480000000,-32.4716028709417
2480000000,-32.4695551184423
2480000000,-32.4603196271812
2480000000,-32.4912005746785
2480000000,-32.474985093733
2480000000,-32.4439635935628
2480000000,-32.4364958745655
2480000000,-32.4609385099163
2480000000,-32.4691425886146
2480000000,-32.4747207954577
2480000000,-32.4680731956228
2480000000,-32.4798577541192
2480000000,-32.4651026445135
2480000000,-32.4436666370862
2480000000,-32.4924364525285
2480000000,-32.4573972311391
2480000000,-32.4614816223481
2480000000,-32.4837045554068
2480000000,-32.4515840182639
2480000000,-32.4571250608565
2480000000,-32.4896965345589
2480000000,-32.4440041793365
2480000000,-32.4537420874892
2480000000,-32.4728134106569
2480000000,-32.4867553547328
2480000000,-32.4523524314094
2480000000,-32.4575525124055
2480000000,-32.4659347227108
2480000000,-32.4477559567449
2480000000,-32.4818744870415
2480000000,-32.4750087888763
2480000000,-32.4577617645749
2480000000,-32.4782475178614
2480000000,-32.4612593192168
2480000000,-32.4901534248701
2480000000,-32.468125837085
2480000000,-32.4717895012284
2480000000,-32.4688711797807
2480000000,-32.4887638424209
2480000000,-32.4659076572994
2480000000,-32.4917566970717
2480000000,-32.4684974558937
2480000000,-32.4713906958429
2480000000,-32.4575359884003
2480000000,-32.4812062843778
2480000000,-32.4513501073037
2480000000,-32.4954289952426
2480000000,-32.4804253522695
2480000000,-32.4985095817505
2480000000,-32.4582148904664
2480000000,-32.4605492435268
2480000000,-32.4728348981279
2480000000,-32.473380335316
2480000000,-32.4537975527808
2480000000,-32.4691343947485
2480000000,-32.4726857960991
2480000000,-32.4680829290474
2480000000,-32.4549047267273
2480000000,-32.4770801173173
2480000000,-32.4862744077392
2480000000,-32.4840417229931
2480000000,-32.47168245572
2480000000,-32.4813581525011
2480000000,-32.4752020006084
2480000000,-32.5004792140849
2480000000,-32.4801730081665
2480000000,-32.4824504052851
2480000000,-32.4903600960886
2480000000,-32.4769598504055
2480000000,-32.4797950147918
2480000000,-32.4501558015646
2480000000,-32.5076201535362
2480000000,-32.4726664308845
2480000000,-32.4713829503383
2480000000,-32.4889562586186
2480000000,-32.4828245252892
2480000000,-32.4624812111348
2480000000,-32.5140700129419
2480000000,-32.4448888661225
2480000000,-32.4886453665728
2480000000,-32.4614364249605
2480000000,-32.4584208162304
2480000000,-32.4855229661716
2480000000,-32.4684617887664
2480000000,-32.4831189287178
2480000000,-32.4781670967668
2480000000,-32.4910780488966
2480000000,-32.4730656172202
2480000000,-32.4767907252316
2480000000,-32.5457840954499
2480000000,-32.4929806031821
2480000000,-32.4904518925607
2480000000,-32.4571177928316
2480000000,-32.4960969720814
2480000000,-32.4689279392032
2480000000,-32.4563215720617
2480000000,-32.4515710743291
2480000000,-32.4883247920811
2480000000,-32.4782331089236
2480000000,-32.4626802519741
2480000000,-32.4854057836773
2480000000,-32.4758953173211
2480000000,-32.4381645681162
2480000000,-32.4962506781083
2480000000,-32.4830621053445
2480000000,-32.4821965857171
2480000000,-32.4493619159502
2480000000,-32.4705340076611
2480000000,-32.479451032231
2480000000,-32.4602930261335
2480000000,-32.4851352940048
2480000000,-32.4667749620639
2480000000,-32.457763457507
2480000000,-32.4713490715615
2480000000,-32.4846788245898
2480000000,-32.4796114257267
2480000000,-32.4759345279848
2480000000,-32.478423599887
2480000000,-32.4783900298993
2480000000,-32.4854999288227
2480000000,-32.4812700318283
2480000000,-32.4588610503189
2480000000,-32.4720842434229
2480000000,-32.4658133507737
2480000000,-32.4524186693625
2480000000,-32.4817758827937
2480000000,-32.464704423866
2480000000,-32.4648149154088
2480000000,-32.4560105025535
2480000000,-32.4748004950798
2480000000,-32.4523167234768
2480000000,-32.4582331834435
2480000000,-32.4674234836343
2480000000,-32.4659350084348
2480000000,-32.4470937941259
2480000000,-32.4674068351834
2480000000,-32.4524870455411
2480000000,-32.4709239552082
2480000000,-32.473825726603
2480000000,-32.46918298244
2480000000,-32.4576849237592
2480000000,-32.4640211123547
2480000000,-32.4586275139987
2480000000,-32.4864258397802
2480000000,-32.4721216613806
2480000000,-32.4457327960017
2480000000,-32.4409056465585
2480000000,-32.4805784648254
2480000000,-32.4698111666876
2480000000,-32.4721638095911
2480000000,-32.4802548289918
2480000000,-32.4978780102646
2480000000,-32.4799875688772
2480000000,-32.4818764571675
2480000000,-32.4772232627296
2480000000,-32.4560982895485
2480000000,-32.4800379390972
2480000000,-32.4834704158132
2480000000,-32.4939088595316
2480000000,-32.4658529344215
2480000000,-32.4775106115708
2480000000,-32.4751334277685
2480000000,-32.481104542225
2480000000,-32.4656605135675
2480000000,-32.4881421622053
2480000000,-32.4736372624496
2480000000,-32.4815973609314
2480000000,-32.4862746588775
2480000000,-32.4984161685898
2480000000,-32.4845242306475
2480000000,-32.4931952193858
2480000000,-32.4831662832957
2480000000,-32.4906039448529
2480000000,-32.4872481581815
2480000000,-32.4813840856693
2480000000,-32.5081099697404
2480000000,-32.4879027951792
2480000000,-32.4968817548838
2480000000,-32.4946447955456
2480000000,-32.4695130039852
2480000000,-32.477524496805
2480000000,-32.4907341660273
2480000000,-32.4953695030349
2480000000,-32.4924345276863
2480000000,-32.5103268596025
2480000000,-32.4853350676049
2480000000,-32.4784808133187
2480000000,-32.4991861312466
2480000000,-32.4811274220726
2480000000,-32.4843138000505
2480000000,-32.4964378430468
2480000000,-32.4685191018872
2480000000,-32.4986444911365
2480000000,-32.4921277793531
2480000000,-32.4975864390944
2480000000,-32.4597524149451
2480000000,-32.520086324795
2480000000,-32.4930275642416
2480000000,-32.4973279637192
2480000000,-32.4530067549983
2480000000,-32.4841987564593
2480000000,-32.4775528263214
2480000000,-32.4933673173901
2480000000,-32.493638725783
2480000000,-32.4940763483526
2480000000,-32.4956943252268
2480000000,-32.4809477582386
2480000000,-32.4984477695199
2480000000,-32.4911732900348
2480000000,-32.4949885774699
2480000000,-32.4997334550217
2480000000,-32.4758443754258
2480000000,-32.4914979582603
2480000000,-32.5034796856432
2480000000,-32.5070395460232
2480000000,-32.5078747334682
2480000000,-32.5038795485328
2480000000,-32.4975092109862
2480000000,-32.5161014189944
2480000000,-32.5002377604978
2480000000,-32.5002537779506
2480000000,-32.5190276789166
2480000000,-32.5049731861369
2480000000,-32.5000153355257
2480000000,-32.501918145517
2480000000,-32.4993852652249
2480000000,-32.4938541650922
2480000000,-32.5081741497398
2480000000,-32.4945309872702
2480000000,-32.4775451836785
2480000000,-32.4896826908727
2480000000,-32.4905969086547
2480000000,-32.5053040867001
2480000000,-32.4815421857883
2480000000,-32.5008670199494
2480000000,-32.4822712088068
2480000000,-32.4827993258895
2480000000,-32.4964091828359
2480000000,-32.4635604612075
2480000000,-32.4939175546948
2480000000,-32.4863738600025
2480000000,-32.4997273501731
2480000000,-32.4879646355023
2480000000,-32.4952163784612
2480000000,-32.474929379583
2480000000,-32.457098523678
2480000000,-32.4704368403279
2480000000,-32.4671766526132
2480000000,-32.4887598557135
2480000000,-32.4802778680255
2480000000,-32.4755424947444
2480000000,-32.4649858528632
2480000000,-32.4816619013845
2480000000,-32.462974711693
2480000000,-32.4689154256903
2480000000,-32.5063526745173
2480000000,-32.5110728674249
2480000000,-32.4724479505586
2480000000,-32.4506584285243
2480000000,-32.5027235616221
2480000000,-32.4877432241322
2480000000,-32.4634111666475
2480000000,-32.4563887110181
2480000000,-32.4662021461004
2480000000,-32.4315714231701
2480000000,-32.4568452874866
2480000000,-32.4412901324496
2480000000,-32.4781862958504
2480000000,-32.4607784852607
2480000000,-32.4441640478642
2480000000,-32.4815242665259
2480000000,-32.4711701814228
2480000000,-32.4532361365332
2480000000,-32.462136565333
2480000000,-32.4561448886421
2480000000,-32.4702963178161
2480000000,-32.4510994018167
2480000000,-32.4714113399632
2480000000,-32.4912069838394
2480000000,-32.4422866023077
2480000000,-32.4518134463706
2480000000,-32.4760419402612
2480000000,-32.4891871045597
2480000000,-32.4617941680658
2480000000,-32.4512960599967
2480000000,-32.4775947147827
2480000000,-32.4679622029685
2480000000,-32.4772535660834
2480000000,-32.4764661427502
2480000000,-32.4874557471727
2480000000,-32.4646424263048
2480000000,-32.4701517580897
2480000000,-32.4769836439064
2480000000,-32.4857960381772
2480000000,-32.4737760774502
2480000000,-32.4615225724742
2480000000,-32.4346176364444
2480000000,-32.4680497170407
2480000000,-32.4823328637493
2480000000,-32.4791806840372
2480000000,-32.4846960920791
2480000000,-32.4877991121244
2480000000,-32.4807264014711
2480000000,-32.469190136102
2480000000,-32.4569972051293
2480000000,-32.4692416222869
2480000000,-32.4662551797573
2480000000,-32.4696814118955
2480000000,-32.4923071874843
2480000000,-32.4682983103818
2480000000,-32.4916355627664
2480000000,-32.4721609910302
2480000000,-32.4689718215519
2480000000,-32.49493407172
2480000000,-32.4890262897591
2480000000,-32.4858166748059
2480000000,-32.4744495733405
2480000000,-32.4539951360747
2480000000,-32.465014512018
2480000000,-32.477570525117
2480000000,-32.4930584133109
2480000000,-32.4764747015409
2480000000,-32.4600800246271
2480000000,-32.4884687387245
2480000000,-32.4891062852287
2480000000,-32.4972085320467
2480000000,-32.4739771165491
2480000000,-32.4603988495353
2480000000,-32.4944462003287
2480000000,-32.4738545570144
2480000000,-32.5003968158149
2480000000,-32.4905453806034
2480000000,-32.4699273397676
2480000000,-32.4647412719116
2480000000,-32.4701976115211
2480000000,-32.4849827941394
2480000000,-32.4803437650018
2480000000,-32.4474926169239
2480000000,-32.4713010916971
2480000000,-32.4921282049768
2480000000,-32.4596351766802
2480000000,-32.450765321907
2480000000,-32.483159356528
2480000000,-32.497341745558
2480000000,-32.4585855810639
2480000000,-32.4745708642856
2480000000,-32.4714067072538
2480000000,-32.4537260963416
2480000000,-32.4720906541001
2480000000,-32.4708428958595
2480000000,-32.4703035092743
2480000000,-32.4808876974891
2480000000,-32.4790790869741
2480000000,-32.4687895108534
2480000000,-32.4984053650374
2480000000,-32.4813578871429
2480000000,-32.4647765341692
2480000000,-32.4654577976073
2480000000,-32.4592099079763
2480000000,-32.4702165556433
2480000000,-32.464553507065
2480000000,-32.4436459965635
2480000000,-32.4590192808789
2480000000,-32.4617087670851
2480000000,-32.4383153307545
2480000000,-32.4809578234651
2480000000,-32.4516113655567
2480000000,-32.4698246405269
2480000000,-32.4685417867296
2480000000,-32.4775347329236
2480000000,-32.456659915057
2480000000,-32.4811991076596
2480000000,-32.4518584635196
2480000000,-32.4516470389598
2480000000,-32.4605179455234
2480000000,-32.4776915747116
2480000000,-32.4330080051853
2480000000,-32.4810722314194
2480000000,-32.4513895424508
2480000000,-32.4511137315376
2480000000,-32.4734038004335
2480000000,-32.4659943237176
2480000000,-32.465476053852
2480000000,-32.4562597372243
2480000000,-32.4774635898455
2480000000,-32.4740068159834
2480000000,-32.472797899382
2480000000,-32.4520551321547
2480000000,-32.8264730676746
2480000000,-32.4483386232904
2480000000,-32.4655225459365
2480000000,-32.4679685201799
2480000000,-32.4840626290161
2480000000,-32.455749760003
2480000000,-32.4457778095404
2480000000,-32.4699739013973
2480000000,-32.444563269833
2480000000,-32.4648388099748
2480000000,-32.4407385761831
2480000000,-32.4887411632357
2480000000,-32.4671727780971
2480000000,-32.4631807989328
2480000000,-32.4710740015406
2480000000,-32.4765777641588
2480000000,-32.4620026493942
2480000000,-32.4598422037955
2480000000,-32.4857127506549
2480000000,-32.4682813505179
2480000000,-32.460940947873
2480000000,-32.4693002565045
2480000000,-32.4637805273159
2480000000,-32.4718017370125
2480000000,-32.4868789723297
2480000000,-32.4651865049464
2480000000,-32.4511553324012
2480000000,-32.4337375173993
2480000000,-32.4505420247801
2480000000,-32.4638781616977
2480000000,-32.4627958498481
2480000000,-32.4464566945476
2480000000,-32.4660751874378
2480000000,-32.4660415116479
2480000000,-32.4527875853738
2480000000,-32.4550710320015
2480000000,-32.4698934723579
2480000000,-32.4736712331573
2480000000,-32.4768351143047
2480000000,-32.469058225519
2480000000,-32.4821446764259
2480000000,-32.461627061319
2480000000,-32.4866951450022
2480000000,-32.4773298653655
2480000000,-32.4815242277884
2480000000,-32.4585936981731
2480000000,-32.4868423828991
2480000000,-32.4520528077511
2480000000,-32.4490193344479
2480000000,-32.4664077843396
2480000000,-32.4750517462099
2480000000,-32.4720059162435
2480000000,-32.4841588999697
2480000000,-32.4950713392128
2480000000,-32.4888649847217
2480000000,-32.4821088151987
2480000000,-32.4701090769794
2480000000,-32.4688694890136
2480000000,-32.4409315335268
2480000000,-32.4800187961137
2480000000,-32.4557070469757
2480000000,-32.45548078189
2480000000,-32.4479729825149
2480000000,-32.4812200965703
2480000000,-32.4615138685761
2480000000,-32.4614092175825
2480000000,-32.4730425476044
2480000000,-32.4548312746353
2480000000,-32.464639492324
2480000000,-32.4419514970845
2480000000,-32.4601522700448
2480000000,-32.4694737473428
2480000000,-32.4935027176854
2480000000,-32.4760056807798
2480000000,-32.4674441157364
2480000000,-32.4574742811616
2480000000,-32.4597994405158
2480000000,-32.4788788917401
2480000000,-32.4497098987107
2480000000,-32.4442324054852
2480000000,-32.4781851935369
2480000000,-32.4680997891996
2480000000,-32.4624541587065
2480000000,-32.4805888576959
2480000000,-32.4882510580394
2480000000,-32.4644450404811
2480000000,-32.4756598671311
2480000000,-32.4773173966498
2480000000,-32.4673684505708
2480000000,-32.4850259891027
2480000000,-32.4703033106422
2480000000,-32.4755070609659
2480000000,-32.4845324394014
2480000000,-32.4865452803314
2480000000,-32.454910127552
2480000000,-32.478482739923
2480000000,-32.4729069375316
2480000000,-32.4712766700746
2480000000,-32.5009774697543
2480000000,-32.7564612869003
2480000000,-32.4819000118218
2480000000,-32.4672020298165
2480000000,-32.4685719276199
2480000000,-32.4606445477858
2480000000,-32.4959570877042
2480000000,-32.4885278481855
2480000000,-32.4700017291904
2480000000,-32.4699396254789
2480000000,-32.4807802874573
2480000000,-32.4795245693701
2480000000,-32.461189680202
2480000000,-32.488545220098
2480000000,-32.4783144445479
2480000000,-32.4772808820898
2480000000,-32.4748009970843
2480000000,-32.4632152995925
2480000000,-32.4871400474832
2480000000,-32.4948770578361
2480000000,-32.4926134591345
2480000000,-32.4713740564963
2480000000,-32.5096498613797
2480000000,-32.485597951849
2480000000,-32.4857149330877
2480000000,-32.4930400911138
2480000000,-32.4805677014921
2480000000,-32.4878601688642
2480000000,-32.4698491876122
2480000000,-32.4787868666524
2480000000,-32.5045471713528
2480000000,-32.4584518808868
2480000000,-32.4601864527877
2480000000,-32.4773807670047
2480000000,-32.4859233622111
2480000000,-32.4695583911331
2480000000,-32.46856176731
2480000000,-32.4926996255203
2480000000,-32.5017282155232
2480000000,-32.4828560056361
2480000000,-32.5080433628606
2480000000,-32.4679114282939
2480000000,-32.4938720889001
2480000000,-32.493248068673
2480000000,-32.4702928689307
2480000000,-32.470337963861
2480000000,-32.4779887958153
2480000000,-32.5089204039979
2480000000,-32.5061957818163
2480000000,-32.5163889313733
2480000000,-32.4785013921658
2480000000,-32.4912110205534
2480000000,-32.4930533609835
2480000000,-32.4828319274428
2480000000,-32.4845846000817
2480000000,-32.5131273560672
2480000000,-32.4839517233062
2480000000,-32.4796768888473
2480000000,-32.4788129575398
2480000000,-32.5002075839451
2480000000,-32.4921170436952
2480000000,-32.5010060672412
2480000000,-32.5057503521855
2480000000,-32.5072383643607
2480000000,-32.4842402367385
2480000000,-32.4949718318142
2480000000,-32.4712781576725
2480000000,-32.4091463670275
2480000000,-32.4810872312735
2480000000,-32.4979923387096
2480000000,-32.5025990262451
2480000000,-32.4768492344718
2480000000,-32.4919280407225
2480000000,-32.4891517510101
2480000000,-32.5233131628621
2480000000,-32.5225723671357
2480000000,-32.5360299214947
2480000000,-32.5059640501603
2480000000,-32.5162086715797
2480000000,-32.4727322917014
2480000000,-32.493849466669
2480000000,-32.4921581237741
2480000000,-32.5011502254196
2480000000,-32.4912787389239
2480000000,-32.5160617418857
2480000000,-32.491470083944
2480000000,-32.5075342918944
2480000000,-32.4959299210445
2480000000,-32.4986475608481
2480000000,-32.5061524180159
2480000000,-32.5000103512672
2480000000,-32.4970548278637
2480000000,-32.4860881937272
2480000000,-32.4989746716599
2480000000,-32.5210957085641
2480000000,-32.4781728366619
2480000000,-32.5009555426566
2480000000,-32.5005273890889
2480000000,-32.4967610372371
2480000000,-32.4849082515185
2480000000,-32.4678776214009
2480000000,-32.5032369317807
2480000000,-32.5089280276686
2480000000,-32.5215499830142
2480000000,-32.4802814123629
2480000000,-32.5004212553272
2480000000,-32.4970197723204
2480000000,-32.5049916995149
2480000000,-32.4984033600905
2480000000,-32.4830473154227
2480000000,-32.4837929156867
2480000000,-32.4926850253951
2480000000,-32.4863387273602
2480000000,-32.4966254720098
2480000000,-32.4749227161495
2480000000,-32.4936186665157
2480000000,-32.4916370005185
2480000000,-32.4831709637567
2480000000,-32.4944166009457
2480000000,-32.497525020926
2480000000,-32.4809081514297
2480000000,-32.5174624211889
2480000000,-32.4845538361509
2480000000,-32.4971649895793
2480000000,-32.4892892168074
2480000000,-32.4992306405262
2480000000,-32.4812952722694
2480000000,-32.4942128451847
2480000000,-32.4942763150001
2480000000,-32.4771524817339
2480000000,-32.4834045723725
2480000000,-32.4941929276781
2480000000,-32.4903910420424
2480000000,-32.4786070107921
2480000000,-32.4812847959635
2480000000,-32.4682496724804
2480000000,-32.4824335862721
2480000000,-32.4755995872273
2480000000,-32.4762095683687
2480000000,-32.4937837885364
2480000000,-32.4521197086849
2480000000,-32.4688470625605
2480000000,-32.4795755495491
2480000000,-32.4705502091922
2480000000,-32.4650636728667
2480000000,-32.467610781747
2480000000,-32.4835849851901
2480000000,-32.4927721296474
2480000000,-32.4610972774014
2480000000,-32.4390024264453
2480000000,-32.4538077908531
2480000000,-32.4593613070425
2480000000,-32.4687068860664
2480000000,-32.4706351812777
2480000000,-32.4860244406617
2480000000,-32.4729132973039
2480000000,-32.4722199857309
2480000000,-32.4785084124349
2480000000,-32.4533000163687
2480000000,-32.476224303285
2480000000,-32.4823907410822
2480000000,-32.4824580484526
2480000000,-32.4724406776428
2480000000,-32.4673425353977
2480000000,-32.4644591286132
2480000000,-32.4751611500311
2480000000,-32.4853803783597
2480000000,-32.4644457342944
2480000000,-32.4742041635993
2480000000,-32.458050132386
2480000000,-32.4931902597539
2480000000,-32.5205749348705
2480000000,-32.4802304008258
2480000000,-32.4727629772271
2480000000,-32.4928219697938
2480000000,-32.4489087106341
2480000000,-32.4933903649966
2480000000,-32.4649557587408
2480000000,-32.46093935378
2480000000,-32.4811719324339
2480000000,-32.463101791959
2480000000,-32.4702016547523
2480000000,-32.4793462849301
2480000000,-32.4712729847341
2480000000,-32.4792949967249
2480000000,-32.4865629661818
2480000000,-32.4473946743551
2480000000,-32.4512376956615
2480000000,-32.467558488598
2480000000,-32.474625291292
2480000000,-32.4651489940117
2480000000,-32.5247537467871
2480000000,-32.4898924320043
2480000000,-32.4799834364921
2480000000,-32.4903554514494
2480000000,-32.4749074319361
2480000000,-32.4738649636207
2480000000,-32.4982831929485
2480000000,-32.5120015411494
2480000000,-32.4851389966838
2480000000,-32.5154970384399
2480000000,-32.4870515994241
2480000000,-32.4581982507828
2480000000,-32.4637385326688
2480000000,-32.470191931991
2480000000,-32.484668039625
2480000000,-32.4914522608313
2480000000,-32.4665923396848
2480000000,-32.5012939103623
2480000000,-32.4835499321156
2480000000,-32.492801499653
2480000000,-32.4898270217367
2480000000,-32.4935943508898
2480000000,-32.4899490094764
2480000000,-32.4930284133906
2480000000,-32.4822653215167
2480000000,-32.4802572345375
2480000000,-32.4923692726755
2480000000,-32.491186922008
2480000000,-32.4846295895615
2480000000,-32.4826777923992
2480000000,-32.4826608293604
2480000000,-32.4785131937131
2480000000,-32.4926623400318
2480000000,-32.4717057926909
2480000000,-32.5043476835521
2480000000,-32.4965668768585
2480000000,-32.4726770500516
2480000000,-32.5099758340336
2480000000,-32.493801387497
2480000000,-32.5024722140188
2480000000,-32.4813708129446
2480000000,-32.5216230911223
2480000000,-32.4899499445869
2480000000,-32.4871606358474
2480000000,-32.4863420245253
2480000000,-32.4870102981313
2480000000,-32.5215061457213
2480000000,-32.4927553701825
2480000000,-32.4801679469019
2480000000,-32.4871040535939
2480000000,-32.4957090099726
2480000000,-32.4949889983867
2480000000,-32.5179956364931
2480000000,-32.5055310634426
2480000000,-32.487345992349
2480000000,-32.50959484816
2480000000,-32.5081608051954
2480000000,-32.5199628445925
2480000000,-32.5212679157249
2480000000,-32.4838932786208
2480000000,-32.4890481397312
2480000000,-32.4781214682854
2480000000,-32.4887843351454
2480000000,-32.4778123918953
2480000000,-32.4886121608028
2480000000,-32.4909593260899
2480000000,-32.5323130149699
2480000000,-32.5014029106464
2480000000,-32.5069209344513
2480000000,-32.474542179021
2480000000,-32.5089713864223
2480000000,-32.4883289985349
2480000000,-32.5165471807119
2480000000,-32.4717990059295
2480000000,-32.5178603587567
2480000000,-32.5181493869132
2480000000,-32.5109131849999
2480000000,-32.4871668572745
2480000000,-32.46603156545
2480000000,-32.4746563921394
2480000000,-32.5034802396109
2480000000,-32.4873274104972
2480000000,-32.5108041107886
2480000000,-32.4917666336763
2480000000,-32.4778654187184
2480000000,-32.5057345358797
2480000000,-32.4615833297027
2480000000,-32.4755314124834
2480000000,-32.505010293108
2480000000,-32.4722577475242
2480000000,-32.5016013417337
2480000000,-32.5036147018143
2480000000,-32.5097022172426
2480000000,-32.501643749897
2480000000,-32.5207380248777
2480000000,-32.4802333909198
2480000000,-32.4824834165674
2480000000,-32.4861105862681
2480000000,-32.4967121913034
2480000000,-32.4829031634904
2480000000,-32.4845523641144
2480000000,-32.4667602431692
2480000000,-32.4864307047282
2480000000,-32.4931767822066
2480000000,-32.4919020524569
2480000000,-32.4628430616788
2480000000,-32.5563122669185
2480000000,-32.4883054228486
2480000000,-32.489977737925
2480000000,-32.4711300467404
2480000000,-32.4987570974514
2480000000,-32.4690700332074
2480000000,-32.4980882919553
2480000000,-32.4843272917735
2480000000,-32.4990493088438
2480000000,-32.4843999362706
2480000000,-32.4872963446541
2480000000,-32.5064458175728
2480000000,-32.4782965795593
2480000000,-32.4836380245086
2480000000,-32.4673240637489
2480000000,-32.5146282944131
2480000000,-32.4663222002519
2480000000,-32.4718039946145
2480000000,-32.5046003121201
2480000000,-32.4722948850352
2480000000,-32.4913852110146
2480000000,-32.4947113233553
2480000000,-32.4933852590283
2480000000,-32.4573996746393
2480000000,-32.4727636314002
2480000000,-32.4927378749925
2480000000,-32.4768616709758
2480000000,-32.4865615616743
2480000000,-32.4881861801872
2480000000,-32.4858228297261
2480000000,-32.4784208383469
2480000000,-32.4846089846846
2480000000,-32.5193572737226
2480000000,-32.4869355536888
2480000000,-32.4796092983964
2480000000,-32.5088109071201
2480000000,-32.5009600550821
2480000000,-32.493983301465
2480000000,-32.487081729222
2480000000,-32.4611914326796
2480000000,-32.4837874935666
2480000000,-32.4449397152171
2480000000,-32.4903513441526
2480000000,-32.4996579992589
2480000000,-32.4727363328805
2480000000,-32.4844944706655
2480000000,-32.4715317413234
2480000000,-32.4810914010334
2480000000,-32.4665162612358
2480000000,-32.4794208136609
2480000000,-32.4752993514814
2480000000,-32.4507441044095
2480000000,-32.4770802699147
2480000000,-32.4779247438605
2480000000,-32.4827131940573
2480000000,-32.4830954505034
2480000000,-32.4862730527032
2480000000,-32.4688925120945
2480000000,-32.4602910498611
2480000000,-32.5007639966751
2480000000,-32.4828515216942
2480000000,-32.5092135058984
2480000000,-32.4855069465026
2480000000,-32.4933727505873
2480000000,-32.4816289688638
2480000000,-32.4833413670691
2480000000,-32.511236872447
2480000000,-32.4911116990076
2480000000,-32.4857708416261
2480000000,-32.5152930479785
2480000000,-32.47677865396
2480000000,-32.5020936744076
2480000000,-32.4801102822945
2480000000,-32.5067007247204
2480000000,-32.4885674321184
2480000000,-32.520730463737
2480000000,-32.4817549133449
2480000000,-32.4976333050585
2480000000,-32.4965095012902
2480000000,-32.4975722347233
2480000000,-32.487065362302
2480000000,-32.494548295779
2480000000,-32.4840501653232
2480000000,-32.4890814255885
2480000000,-32.4836234274054
2480000000,-32.5128211646265
2480000000,-32.5032520600658
2480000000,-32.4884218777908
2480000000,-32.4854107655049
2480000000,-32.5109851880263
2480000000,-32.4742559044373
2480000000,-32.4904428698591
2480000000,-32.5082928580478
2480000000,-32.5108839332367
2480000000,-32.4945184888145
2480000000,-32.5003663881611
2480000000,-32.4918759628594
2480000000,-32.4856844206521
2480000000,-32.5066261618031
2480000000,-32.4918338902457
2480000000,-32.5065128919169
2480000000,-32.500541068571
2480000000,-32.4810118324364
2480000000,-32.5066518983905
2480000000,-32.5214816507878
2480000000,-32.5010413185387
2480000000,-32.4831820313508
2480000000,-32.5160191469941
2480000000,-32.4959369312883
2480000000,-32.5103905846918
2480000000,-32.4707119875296
2480000000,-32.4867533108105
2480000000,-32.506575306973
2480000000,-32.4808025210349
2480000000,-32.4933310129341
2480000000,-32.4940819612359
2480000000,-32.482527810779
2480000000,-32.4745459131815
2480000000,-32.4805796654408
2480000000,-32.5183190645323
2480000000,-32.4936416032475
2480000000,-32.4810659133109
2480000000,-32.4913298933103
2480000000,-32.4941952264635
2480000000,-32.4831134770368
2480000000,-32.4543289867041
2480000000,-32.481397678517
2480000000,-32.4958788417044
2480000000,-32.4919170475891
2480000000,-32.5071967991356
2480000000,-32.4868765655353
2480000000,-32.5245646932496
2480000000,-32.4835588348714
2480000000,-32.4791437691944
2480000000,-32.4681710041823
2480000000,-32.4804480520936
2480000000,-32.4759457933102
2480000000,-32.4785633319214
2480000000,-32.4645736095299
2480000000,-32.483307730677
2480000000,-32.4766078017187
2480000000,-32.4825296870959
2480000000,-32.4727748956345
2480000000,-32.456244446518
2480000000,-32.491465168315
2480000000,-32.4866068318103
2480000000,-32.4710987804375
2480000000,-32.4701847764632
2480000000,-32.4945001038832
2480000000,-32.4619849147207
2480000000,-32.4973089432322
2480000000,-32.4805577063856
2480000000,-32.4883592318996
2480000000,-32.5009093435121
2480000000,-32.4939389263795
2480000000,-32.4889092767554
2480000000,-32.5023400320827
2480000000,-32.495967340094
2480000000,-32.4854770518284
2480000000,-32.5130042353572
2480000000,-32.4790159148143
2480000000,-32.4891386940353
2480000000,-32.4756455200302
2480000000,-32.475866396606
2480000000,-32.500984726357
2480000000,-32.4629213072349
2480000000,-32.4946496682662
2480000000,-32.4738503165263
2480000000,-32.4727301895361
2480000000,-32.4746438440681
2480000000,-32.4749110924577
2480000000,-32.4849807348362
2480000000,-32.4624744688382
2480000000,-32.4842018808173
2480000000,-32.4956270290264
2480000000,-32.4959714873545
2480000000,-32.4720856517984
2480000000,-32.4729609557808
2480000000,-32.4836508627431
2480000000,-32.4769039702002
2480000000,-32.5013950225179
2480000000,-32.4777554545104
2480000000,-32.4857366954855
2480000000,-32.5156160598
2480000000,-32.4984583841542
2480000000,-32.4842507741656
2480000000,-32.4820866314434
2480000000,-32.4849451197474
2480000000,-32.5016831480643
2480000000,-32.5041778747987
2480000000,-32.5080430253354
2480000000,-32.4754474023641
2480000000,-32.5016681689154
2480000000,-32.476856396614
2480000000,-32.4782849006911
2480000000,-32.4859350397527
2480000000,-32.4674183266124
2480000000,-32.4599718231505
2480000000,-32.4723260161865
2480000000,-32.485194129588
2480000000,-32.488904228608
2480000000,-32.4680944361153
2480000000,-32.474684638451
2480000000,-32.4741931958344
2480000000,-32.4744039155543
2480000000,-32.5088444122614
2480000000,-32.4593210309232
2480000000,-32.4698507832054
2480000000,-32.4770003512742
2480000000,-32.4607851580766
2480000000,-32.4579412538385
2480000000,-32.4725167353189
2480000000,-32.4546929611775
2480000000,-32.4876156469088
2480000000,-32.4774160128168
2480000000,-32.4617695079294
2480000000,-32.4713949126661
2480000000,-32.4515627009932
2480000000,-32.480696163058
2480000000,-32.4676276285276
2480000000,-32.4480797915361
2480000000,-32.4670174134656
2480000000,-32.461206335731
2480000000,-32.4728017499643
2480000000,-32.4711335176994
2480000000,-32.474865776712
2480000000,-32.4680357970998
2480000000,-32.4756618448693
2480000000,-32.4458925379108
2480000000,-32.4764725049075
2480000000,-32.4783176785002
2480000000,-32.4761654566546
2480000000,-32.4940122852244
2480000000,-32.4841657943361
2480000000,-32.4784356933882
2480000000,-32.4585413974547
2480000000,-32.4630157189494
2480000000,-32.4745235095048
2480000000,-32.498166524612
2480000000,-32.4796110781538
2480000000,-32.435329350984
2480000000,-32.4574654768172
2480000000,-32.453098351517
2480000000,-32.4673280539245
2480000000,-32.456874221445
2480000000,-32.4589266776314
2480000000,-32.4654051154209
2480000000,-32.472891303781
2480000000,-32.4603157791848
2480000000,-32.4211447513718
2480000000,-32.4473020781606
2480000000,-32.449602718013
2480000000,-32.4805992199152
2480000000,-32.4527977542428
2480000000,-32.4761408902735
2480000000,-32.4515285716414
2480000000,-32.468350861704
2480000000,-32.4721188646614
2480000000,-32.4441376861651
2480000000,-32.4316577568494
2480000000,-32.4368285606172
2480000000,-32.4607994708754
2480000000,-32.4402639999453
2480000000,-32.4168607033943
2480000000,-32.458134500444
2480000000,-32.4151735598702
2480000000,-32.442857751262
2480000000,-32.4426147979095
2480000000,-32.4244354214583
2480000000,-32.4377347866693
2480000000,-32.4298716358707
2480000000,-32.4364680283903
2480000000,-32.4127503715165
2480000000,-32.4277751198113
2480000000,-32.3930379722605
2480000000,-32.4102838245562
2480000000,-32.4108038066038
2480000000,-32.414808336178
2480000000,-32.416701391204
2480000000,-32.4306203104517
2480000000,-32.4403463184453
2480000000,-32.4201155268017
2480000000,-32.4351740391399
2480000000,-32.4362561785696
2480000000,-32.4342481634104
2480000000,-32.4446396345133
2480000000,-32.4125929943274
2480000000,-32.45433617671
2480000000,-32.4312680724607
2480000000,-32.4270510490157
2480000000,-32.4431947544145
2480000000,-32.4428913316558
2480000000,-32.4053203497476
2480000000,-32.4032048318102
2480000000,-32.4124643139734
2480000000,-32.4352129728076
2480000000,-32.4284202597732
2480000000,-32.4527427461767
2480000000,-32.431244968484
2480000000,-32.43491659047
2480000000,-32.422771515858
2480000000,-32.4322459990283
2480000000,-32.435265291302
2480000000,-32.4346983167477
2480000000,-32.4202662303923
2480000000,-32.3880165538506
2480000000,-32.4195176714367
2480000000,-32.4162256116973
2480000000,-32.422404321049
2480000000,-32.4159552047508
2480000000,-32.4216385536213
2480000000,-32.4191043291626
2480000000,-32.4336788427672
2480000000,-32.4170694201102
2480000000,-32.4462228938177
2480000000,-32.4114933193624
2480000000,-32.4178966983115
2480000000,-32.4088036778644
2480000000,-32.4497123306398
2480000000,-32.4307914308095
2480000000,-32.415174613631
2480000000,-32.4530332175951
2480000000,-32.4354658293772
2480000000,-32.4037093234709
2480000000,-32.4471759260727
2480000000,-32.4601822611577
2480000000,-32.4304095502279
2480000000,-32.4396539129907
2480000000,-32.4395602207894
2480000000,-32.4613555620545
2480000000,-32.4559854231793
2480000000,-32.4191343345483
2480000000,-32.4281270320797
2480000000,-32.4327430833905
2480000000,-32.4282337278762
2480000000,-32.4180863052711
2480000000,-32.4413175336022
2480000000,-32.4173207334133
2480000000,-32.4059129908351
2480000000,-32.4305526830394
2480000000,-32.4302681557507
2480000000,-32.4175558455927
2480000000,-32.4354008973138
2480000000,-32.4589460223958
2480000000,-32.4433091589633
2480000000,-32.4279356138062
2480000000,-32.4133133251032
2480000000,-32.4314620329303
2480000000,-32.4135003424714
2480000000,-32.403713052674
2480000000,-32.4414324421908
2480000000,-32.4317200733098
2480000000,-32.4458981556501
2480000000,-32.4325232109564
2480000000,-32.4533057577564
2480000000,-32.416787811687
2480000000,-32.4383431731469
2480000000,-32.4214125409777
2480000000,-32.4367572569722
2480000000,-32.4297872475945
2480000000,-32.4352380995819
2480000000,-32.3995100464484
2480000000,-32.4272357846731
2480000000,-32.4533754353228
2480000000,-32.5234676362605
2480000000,-32.4182314684324
2480000000,-32.423930869084
2480000000,-32.4351722217906
2480000000,-32.428548105123
2480000000,-32.4271901018039
2480000000,-32.4513323543283
2480000000,-32.4297312765695
2480000000,-32.4272699960359
2480000000,-32.4461438953436
2480000000,-32.4289479537958
2480000000,-32.4267734124724
2480000000,-32.4304885913649
2480000000,-32.4387222080972
2480000000,-32.4338927968622
2480000000,-32.4400327757188
2480000000,-32.4411872281191
2480000000,-32.4215334868115
2480000000,-32.4459545292672
2480000000,-32.4134621687186
2480000000,-32.4280886549021
2480000000,-32.4208176644605
2480000000,-32.4233832179115
2480000000,-32.4243787425281
2480000000,-32.449418067801
2480000000,-32.4447021163622
2480000000,-32.4221278422864
2480000000,-32.4201062121219
2480000000,-32.4295162448936
2480000000,-32.4473507373171
2480000000,-32.4394155295608
2480000000,-32.4279887703263
2480000000,-32.4343215971944
2480000000,-32.4423199869089
2480000000,-32.4283947663447
2480000000,-32.4270712668093
2480000000,-32.4372834429127
2480000000,-32.4297491453867
2480000000,-32.4368779934767
2480000000,-32.439590591054
2480000000,-32.4529875976063
2480000000,-32.4243179788183
2480000000,-32.4232720651847
2480000000,-32.4373892309622
2480000000,-32.4064967583951
2480000000,-32.4295354274698
2480000000,-32.4305581301847
2480000000,-32.4207985439108
2480000000,-32.4391572667211
2480000000,-32.4346396669876
2480000000,-32.4527735888874
2480000000,-32.4304985811684
2480000000,-32.4400060558745
2480000000,-32.4487723606138
2480000000,-32.4314431658932
2480000000,-32.4118689429955
2480000000,-32.4335537681322
2480000000,-32.4328583032478
2480000000,-32.4346208001196
2480000000,-32.4400899283236
2480000000,-32.4326653574598
2480000000,-32.4265051953899
2480000000,-32.4180754452989
2480000000,-32.4233537489565
2480000000,-32.4124768760327
2480000000,-32.4547911634477
2480000000,-32.4364403669618
2480000000,-32.4268994977309
2480000000,-32.4081137317129
2480000000,-32.4383838233688
2480000000,-32.4268049931312
2480000000,-32.4305430054101
2480000000,-32.4147861815326
2480000000,-32.401088599833
2480000000,-32.4195789042745
2480000000,-32.4379773374518
2480000000,-32.4256399693752
2480000000,-32.4228092238643
2480000000,-32.430527666045
2480000000,-32.4150298879056
2480000000,-32.4079206792925
2480000000,-32.4257686926108
2480000000,-32.4319075679901
2480000000,-32.4341333308746
2480000000,-32.4176100989536
2480000000,-32.4341551348285
2480000000,-32.411470340027
2480000000,-32.4358278651977
2480000000,-32.4521862863601
2480000000,-32.4129161343067
2480000000,-32.4386088640226
2480000000,-32.4303168143954
2480000000,-32.4204380540302
2480000000,-32.4089838076587
2480000000,-32.4466957967517
2480000000,-32.4114992737401
2480000000,-32.4140496229955
2480000000,-32.4372417380634
2480000000,-32.4222008081687
2480000000,-32.4395144919662
2480000000,-32.4266567184413
2480000000,-32.4328194334587
2480000000,-32.4044067081145
2480000000,-32.4009637064033
2480000000,-32.394421916406
2480000000,-32.413857887039
2480000000,-32.4210271245585
2480000000,-32.4343586828449
2480000000,-32.4231834807116
2480000000,-32.3990960427461
2480000000,-32.4219230513976
2480000000,-32.4166697113244
2480000000,-32.406769938786
2480000000,-32.4173246706336
2480000000,-32.4225179854826
2480000000,-32.4076137412863
2480000000,-32.4044301552021
2480000000,-32.4161538787359
2480000000,-32.3952060617488
2480000000,-32.4240476537106
2480000000,-32.3968571847883
2480000000,-32.4115322609083
2480000000,-32.3946416235042
2480000000,-32.4068207199625
2480000000,-32.3998579132758
2480000000,-32.407559423017
2480000000,-32.4095722598244
2480000000,-32.4031378808359
2480000000,-32.3854451200105
2480000000,-32.424691383916
2480000000,-32.4248490991112
2480000000,-32.1336473302022
2480000000,-32.3860812309725
2480000000,-32.424298717975
2480000000,-32.4009955100575
2480000000,-32.392056155281
2480000000,-32.4123322579473
2480000000,-32.3339552985802
2480000000,-32.4098476514079
2480000000,-32.4252385684453
2480000000,-32.404188024108
2480000000,-32.4006321379035
2480000000,-32.4160063404617
2480000000,-32.3990817277413
2480000000,-32.411116494709
2480000000,-32.4053968955955
2480000000,-32.3831937756685
2480000000,-32.3684279339713
2480000000,-32.4119357929299
2480000000,-32.4008399117854
2480000000,-32.4077944240537
2480000000,-32.3946324675964
2480000000,-32.4089943703378
2480000000,-32.3802418625829
2480000000,-32.3916309409637
2480000000,-32.4081442885389
2480000000,-32.4035545564153
2480000000,-32.3749941667117
2480000000,-32.3874932693982
2480000000,-32.3907253061565
2480000000,-32.3903361678435
2480000000,-32.4183852979549
2480000000,-32.3938038383378
2480000000,-32.4079626687245
2480000000,-32.3823842675633
2480000000,-32.4091878907958
2480000000,-32.3942068514847
2480000000,-32.4238111300553
2480000000,-32.4013933937621
2480000000,-32.4007982692637
2480000000,-32.4011155914127
2480000000,-32.4001043377899
2480000000,-32.4093297128891
2480000000,-32.3710397649286
2480000000,-32.3959078680005
2480000000,-32.3605022548576
2480000000,-32.3980508709673
2480000000,-32.3740888553201
2480000000,-32.3809678201726
2480000000,-32.3657328254245
2480000000,-32.3987308285648
2480000000,-32.3695858651094
2480000000,-32.3897765507979
2480000000,-32.3959732636597
2480000000,-32.368415703937
2480000000,-32.3774412057827
2480000000,-32.399281107417
2480000000,-32.3984466944695
2480000000,-32.3491803846571
2480000000,-32.3717848846533
2480000000,-32.3552790767038
2480000000,-32.3573118986527
2480000000,-32.3646530195464
2480000000,-32.3608403721604
2480000000,-32.3667608560521
2480000000,-32.3818913624028
2480000000,-32.3728044648523
2480000000,-32.3817665929385
2480000000,-32.3645647416883
2480000000,-32.3656600794798
2480000000,-32.364561288455
2480000000,-32.3544637255445
2480000000,-32.3242662719358
2480000000,-32.3629638578867
2480000000,-32.3531326606244
2480000000,-32.3571434948195
2480000000,-32.360732857494
2480000000,-32.3579776153978
2480000000,-32.3736222264298
2480000000,-32.3701107860694
2480000000,-32.3884109034547
2480000000,-32.3337864784812
2480000000,-32.3661888815364
2480000000,-32.3346690414287
2480000000,-32.3389529265741
2480000000,-32.3629989721057
2480000000,-32.3615349472724
2480000000,-32.3443572573201
2480000000,-32.3526798595675
2480000000,-32.3373797893337
2480000000,-32.3365152226077
2480000000,-32.3490762056168
2480000000,-32.3552832149882
2480000000,-32.3358272381103
2480000000,-32.3279322863558
2480000000,-32.330352628622
2480000000,-32.3529751777137
2480000000,-32.4125592322571
2480000000,-32.3296843667943
2480000000,-32.3240144965596
2480000000,-32.3086027784272
2480000000,-32.3195972106158
2480000000,-32.3192702535036
2480000000,-32.3482989770518
2480000000,-32.328806094018
2480000000,-32.3380162589913
2480000000,-32.3483835757779
2480000000,-32.3691840186968
2480000000,-32.3494276158104
2480000000,-32.3428405545312
2480000000,-32.3163780242184
2480000000,-32.3549563998859
2480000000,-32.3273275430569
2480000000,-32.3245053647875
2480000000,-32.3186123420768
2480000000,-32.3665041464748
2480000000,-32.3372852925286
2480000000,-32.3368670142769
2480000000,-32.3333427920202
2480000000,-32.3261519696237
2480000000,-32.313735014645
2480000000,-32.3108551637365
2480000000,-32.3299888262472
2480000000,-32.3078040379786
2480000000,-32.3125980576346
2480000000,-32.3177104048239
2480000000,-32.3372801861341
2480000000,-32.3303085574635
2480000000,-32.3170470805946
2480000000,-32.3232514974167
2480000000,-32.3436484645247
2480000000,-32.3379651382379
2480000000,-32.3178141531279
2480000000,-32.3075998588372
2480000000,-32.322983697315
2480000000,-32.3077278013967
2480000000,-32.3183250768092
2480000000,-32.3058998015565
2480000000,-32.3239050490017
2480000000,-32.3107827258654
2480000000,-32.3215930101286
2480000000,-32.3216489094495
2480000000,-32.3071252687653
2480000000,-32.3133991088824
2480000000,-32.3086023215743
2480000000,-32.3018431155374
2480000000,-32.3091742949229
2480000000,-32.308596311001
2480000000,-32.3122251198227
2480000000,-32.2906380412379
2480000000,-32.3076332130318
2480000000,-32.2952590157791
2480000000,-32.300022681443
2480000000,-32.302615891016
2480000000,-32.2999391659278
2480000000,-32.290168922743
2480000000,-32.2893445013412
2480000000,-32.2611883252671
2480000000,-32.2965870770504
2480000000,-32.286507098597
2480000000,-32.294165114335
2480000000,-32.2915276295557
2480000000,-32.2885353426776
2480000000,-32.2985130711761
2480000000,-32.2882029643065
2480000000,-32.2825371117274
2480000000,-32.2842680578933
2480000000,-32.2794570587728
2480000000,-32.2933918930425
2480000000,-32.2797443892879
2480000000,-32.266163418379
2480000000,-32.2743787673477
2480000000,-32.267741515375
2480000000,-32.2966634335043
2480000000,-32.2603796427293
2480000000,-32.2550730654751
2480000000,-32.2945233279342
2480000000,-32.2609931600867
2480000000,-32.2414613795475
2480000000,-32.2566663905543
2480000000,-32.2509131076688
2480000000,-32.2481289229004
2480000000,-32.2613006306093
2480000000,-32.2456850748671
2480000000,-32.2584613991753
2480000000,-32.2431392725505
2480000000,-32.2553876615252
2480000000,-32.2660592654058
2480000000,-32.2497886019619
2480000000,-32.2313903813876
2480000000,-32.2448310470373
2480000000,-32.2278244257882
2480000000,-32.2387167012113
2480000000,-32.2474508581466
2480000000,-32.2382473790481
2480000000,-32.2272857976048
2480000000,-32.2636394377296
2480000000,-32.2091139018222
2480000000,-32.2239198811764
2480000000,-32.2263434912593
2480000000,-32.2311485090469
2480000000,-32.2476099381219
2480000000,-32.2456121497413
2480000000,-32.2274118308614
2480000000,-32.234321709397
2480000000,-32.2210542970096
2480000000,-32.2248809771643
2480000000,-32.2058071018141
2480000000,-32.2194568460517
2480000000,-32.2104671745989
2480000000,-32.2165963656355
2480000000,-32.216831279259
2480000000,-32.2021690790989
2480000000,-32.2172444537394
2480000000,-32.212384839611
2480000000,-32.2263378746456
2480000000,-32.1967200354155
2480000000,-32.2046884770282
2480000000,-32.194823458507
2480000000,-32.2003295097212
2480000000,-32.2232839363013
2480000000,-32.2161833116964
2480000000,-32.2084929261731
2480000000,-32.2094118442926
2480000000,-32.2048874314394
2480000000,-32.1953587720338
2480000000,-32.2024080746391
2480000000,-32.1853065933248
2480000000,-32.2098005307921
2480000000,-32.1914088399784
2480000000,-32.1915285884448
2480000000,-32.1697474493563
2480000000,-32.184617773666
2480000000,-32.2051017702023
2480000000,-32.2104962867161
2480000000,-32.20923073118
2480000000,-32.1870282659373
2480000000,-32.1946302346716
2480000000,-32.1770197219616
2480000000,-32.196199939119
2480000000,-32.1869993417525
2480000000,-32.2025902818662
2480000000,-32.1900793459231
2480000000,-32.1752575931043
2480000000,-32.2039416164459
2480000000,-32.1756338539818
2480000000,-32.1752705454626
2480000000,-32.1926935715106
2480000000,-32.1922286936101
2480000000,-32.190476756983
2480000000,-32.1975834451777
2480000000,-32.1964386208094
2480000000,-32.1846905890633
2480000000,-32.1854240544364
2480000000,-32.1717953891039
2480000000,-32.1684981902019
2480000000,-32.1723450440089
2480000000,-32.1629790100763
2480000000,-32.1666775487926
2480000000,-32.1527192237578
2480000000,-32.1592343790105
2480000000,-32.1779226801858
2480000000,-32.1489582954517
2480000000,-32.1401365889658
2480000000,-32.1529151654544
2480000000,-32.1611844443631
2480000000,-32.1555730696129
2480000000,-32.1624432061859
2480000000,-32.1451741780057
2480000000,-32.1559921336574
2480000000,-32.1675737902257
2480000000,-32.1295067506399
2480000000,-32.1618659301306
2480000000,-32.1579551630598
2480000000,-32.1785229899897
2480000000,-32.16192400358
2480000000,-32.1544377008287
2480000000,-32.1467268128087
2480000000,-32.1417717690455
2480000000,-32.1185719396096
2480000000,-32.142016511106
2480000000,-32.1213215726316
2480000000,-32.1247935020838
2480000000,-32.128804660038
2480000000,-32.1320302255372
2480000000,-32.1227554692434
2480000000,-32.1437128525023
2480000000,-32.1119188684306
2480000000,-32.1325466304338
2480000000,-32.1342731638965
2480000000,-32.1324795341637
2480000000,-32.1109175476418
2480000000,-32.1292357029635
2480000000,-32.1268718034496
2480000000,-32.1225526586396
2480000000,-32.1432675232707
2480000000,-32.1253854574073
2480000000,-32.2048300960164
2480000000,-32.129125183035
2480000000,-32.1309775633012
2480000000,-32.1103415706847
2480000000,-32.0922102232387
2480000000,-32.110444720685
2480000000,-32.1035351235498
2480000000,-32.0824529101707
2480000000,-32.1080448892634
2480000000,-32.1065352603548
2480000000,-32.0863958201826
2480000000,-32.0817613901948
2480000000,-32.1170621301391
2480000000,-32.1150844400712
2480000000,-32.0990217106741
2480000000,-32.0884332848767
2480000000,-32.1035671296422
2480000000,-32.078857970324
2480000000,-32.0663796397904
2480000000,-32.0761959760764
2480000000,-32.0745498416593
2480000000,-32.06980621611
2480000000,-32.0561157936713
2480000000,-32.0757521910359
2480000000,-32.0622580999925
2480000000,-32.0538358980517
2480000000,-32.0748647100989
2480000000,-32.0535095673469
2480000000,-32.042829081955
2480000000,-32.0672631469366
2480000000,-32.0549829878253
2480000000,-32.0422201368623
2480000000,-32.043883435325
2480000000,-32.0628617820817
2480000000,-32.046317859622
2480000000,-32.0493270496883
2480000000,-32.0360021926618
2480000000,-32.0292556450499
2480000000,-32.0385028072379
2480000000,-32.0279111281652
2480000000,-32.0378586993356
2480000000,-32.0574242782105
2480000000,-32.033645347438
2480000000,-32.0155277312414
2480000000,-32.0312959193904
2480000000,-32.0128474237115
2480000000,-32.0255376739079
2480000000,-32.0192021662119
2480000000,-32.0034270766956
2480000000,-32.0045855210787
2480000000,-32.0160839110565
2480000000,-32.0032386465165
2480000000,-32.0039089094815
2480000000,-32.0066770408102
2480000000,-31.9991468350821
2480000000,-31.9990731965003
2480000000,-32.0069513334924
2480000000,-32.0009669235941
2480000000,-32.0038652158045
2480000000,-32.0001784106317
2480000000,-32.0269729519422
2480000000,-31.9856891742932
2480000000,-32.0053969262559
2480000000,-32.0029596623674
2480000000,-31.9823190001589
2480000000,-31.9844695121835
2480000000,-31.9956505850096
2480000000,-31.9798425283266
2480000000,-31.9893797677873
2480000000,-31.9829014320514
2480000000,-32.0022689490063
2480000000,-31.9825467236017
2480000000,-31.9939098077156
2480000000,-31.9616605296441
2480000000,-32.0018512640837
2480000000,-31.9714559853223
2480000000,-31.9559199391485
2480000000,-31.9829719458169
2480000000,-31.9592143715479
2480000000,-31.9574633639615
2480000000,-31.952903595505
2480000000,-31.9553678631074
2480000000,-31.9616159789347
2480000000,-31.9435712617491
2480000000,-31.961767130782
2480000000,-31.9596082377224
2480000000,-31.9656414264087
2480000000,-31.9431533773746
2480000000,-31.9429456425959
2480000000,-31.9716206391364
2480000000,-31.9526387379832
2480000000,-31.9250824552813
2480000000,-31.9387917038569
2480000000,-31.9328491195459
2480000000,-31.9447902925932
2480000000,-31.9399615434312
2480000000,-31.95536798039
2480000000,-31.9476794102103
2480000000,-31.9422878619401
2480000000,-31.9425965762677
2480000000,-31.9504162618426
2480000000,-31.9386673241704
2480000000,-31.9444958323179
2480000000,-31.9230293609609
2480000000,-31.9288180911228
2480000000,-31.9403430970496
2480000000,-31.9197746710166
2480000000,-31.9179848245361
2480000000,-31.918917414679
2480000000,-31.917797652739
2480000000,-31.9180741401797
2480000000,-31.8841467967676
2480000000,-31.9177171801378
2480000000,-31.9053225522818
2480000000,-31.9071670693507
2480000000,-31.9221914673756
2480000000,-31.9065271612934
2480000000,-31.8919637672349
2480000000,-31.8964613678244
2480000000,-31.8856583012339
2480000000,-31.8706068850648
2480000000,-31.9135448890893
2480000000,-31.8856364242194
2480000000,-31.8508305321352
2480000000,-31.8792585684375
2480000000,-31.8806260902714
2480000000,-31.8979779075311
2480000000,-31.8884415950545
2480000000,-31.8741235573452
2480000000,-31.87593234341
2480000000,-31.8690122723953
2480000000,-31.8694059442616
2480000000,-31.8840122473056
2480000000,-31.8727444353915
2480000000,-31.8931926465932
2480000000,-31.8640265897339
2480000000,-31.85839353399
2480000000,-31.8496672957485
2480000000,-31.8699341039539
2480000000,-31.833724789961
2480000000,-31.8581024999822
2480000000,-31.8488224418176
2480000000,-31.8591430416763
2480000000,-31.8383571168462
2480000000,-31.8561242233539
2480000000,-31.8346539747262
2480000000,-31.833983270445
2480000000,-31.8195571436786
2480000000,-31.8352387316824
2480000000,-31.8502368586446
2480000000,-31.833251369757
2480000000,-31.8348666629924
2480000000,-31.8336741463226
2480000000,-31.830855179232
2480000000,-31.8086140785412
2480000000,-31.8204633360172
2480000000,-31.836251303736
2480000000,-31.788129090333
2480000000,-31.8074348084133
2480000000,-31.8181663504124
2480000000,-31.7934770198729
2480000000,-31.8212134259979
2480000000,-31.8281424127274
2480000000,-31.8268559532371
2480000000,-31.810344843895
2480000000,-31.8158142844885
2480000000,-31.7939414420948
2480000000,-31.8074193762835
2480000000,-31.8075795041297
2480000000,-31.7812255382843
2480000000,-31.8000203614943
2480000000,-31.7970244692313
2480000000,-31.7986791869033
2480000000,-31.8134892956794
2480000000,-31.8072471119703
2480000000,-31.7993771995642
2480000000,-31.7819947259591
2480000000,-31.7851865192763
2480000000,-31.7658579645087
2480000000,-31.8111610347404
2480000000,-31.7770104357764
2480000000,-31.7912770969536
2480000000,-31.7881583495133
2480000000,-31.7764875994499
2480000000,-31.7955600349354
2480000000,-31.7969733145368
2480000000,-31.7706057373774
2480000000,-31.7864099464491
2480000000,-31.7695688039745
2480000000,-31.7808222157527
2480000000,-31.7866653429327
2480000000,-31.757447676563
2480000000,-31.7656410823563
2480000000,-31.7631841245056
2480000000,-31.7617515741013
2480000000,-31.7495477707609
2480000000,-31.7730446669893
2480000000,-31.7604010580731
2480000000,-31.7548963646793
2480000000,-31.7549262508855
2480000000,-31.7541978053132
2480000000,-31.7588333701009
2480000000,-31.7487118128249
2480000000,-31.7452784580297
2480000000,-31.734076882705
2480000000,-31.7434540356085
2480000000,-31.7455147031668
2480000000,-31.7256171119072
2480000000,-31.7454494748481
2480000000,-31.7494973744984
2480000000,-31.7439881232736
2480000000,-31.7520709870942
2480000000,-31.7638086088206
2480000000,-31.7322699662115
2480000000,-31.7505122408116
2480000000,-31.7327757435073
2480000000,-31.7551838396993
2480000000,-31.7311297846549
2480000000,-31.7445146434637
2480000000,-31.7267491830187
2480000000,-31.7492561753844
2480000000,-31.7485808480706
2480000000,-31.7202623088994
2480000000,-31.7087611219028
2480000000,-31.720412900985
2480000000,-31.7491859546137
2480000000,-31.7148576927211
2480000000,-31.7249736940759
2480000000,-31.7214326227577
2480000000,-31.7275688483337
2480000000,-31.7086847657395
2480000000,-31.700506352272
2480000000,-31.7165954326904
2480000000,-31.7111451307873
2480000000,-31.7204549122809
2480000000,-31.7065433880879
2480000000,-31.7351954581828
2480000000,-31.7175431591497
2480000000,-31.7132553575553
2480000000,-31.7132334299647
2480000000,-31.6892114403265
2480000000,-31.6997709125525
2480000000,-31.717156378521
2480000000,-31.7019591452515
2480000000,-31.6933813652654
2480000000,-31.7099802668421
2480000000,-31.6927878667252
2480000000,-31.7072642125994
2480000000,-31.7055737663239
2480000000,-31.7049161641482
2480000000,-31.6912845643596
2480000000,-31.6728296110187
2480000000,-31.6955845786942
2480000000,-31.6906422708359
2480000000,-31.6893383062874
2480000000,-31.6934979291547
2480000000,-31.6759953454607
2480000000,-31.676068447791
2480000000,-31.6516965676192
2480000000,-31.6904257571351
2480000000,-31.6603693435682
2480000000,-31.6796474113799
2480000000,-31.6753837689203
2480000000,-31.6732023427528
2480000000,-31.6633496859206
2480000000,-31.6725520821905
2480000000,-31.6670747435127
2480000000,-31.6856846017741
2480000000,-31.6592567354084
2480000000,-31.6742369331784
2480000000,-31.6936488090894
2480000000,-31.6693477364041
2480000000,-31.6646334034535
2480000000,-31.6540565871978
2480000000,-31.6564675319601
2480000000,-31.6623050984992
2480000000,-31.6332759089124
2480000000,-31.6505768767405
2480000000,-31.6373953839115
2480000000,-31.6618486275526
2480000000,-31.6335686638056
2480000000,-31.6157018585832
2480000000,-31.625813435722
2480000000,-31.6602992750479
2480000000,-31.6282159546837
2480000000,-31.6604251801201
2480000000,-31.627236167991
2480000000,-31.6389560753092
2480000000,-31.6274114112906
2480000000,-31.6036575988514
2480000000,-31.6191373170278
2480000000,-31.6225145292694
2480000000,-31.606713211049
2480000000,-31.6146490045234
2480000000,-31.6131944963914
2480000000,-31.6207026894475
2480000000,-31.6155959522812
2480000000,-31.6228373828197
2480000000,-31.6051276533902
2480000000,-31.5998505215638
2480000000,-31.5833773463315
2480000000,-31.6088378942689
2480000000,-31.5908700653172
2480000000,-31.5935506492825
2480000000,-31.5480586873872
2480000000,-31.6145806554577
2480000000,-31.5703038102879
2480000000,-31.5665282030049
2480000000,-31.5702924051415
2480000000,-31.5783174064865
2480000000,-31.590926356716
2480000000,-31.598449399155
2480000000,-31.5669964509354
2480000000,-31.5849810326665
2480000000,-31.5791063485726
2480000000,-31.555064131205
2480000000,-31.591462335858
2480000000,-31.5638824346629
2480000000,-31.5680791306803
2480000000,-31.542441421157
2480000000,-31.5609123815317
2480000000,-31.5407490391449
2480000000,-31.5555442420075
2480000000,-31.546128905665
2480000000,-31.5511819252317
2480000000,-31.558651673137
2480000000,-31.5583223938033
2480000000,-31.5351264931388
2480000000,-31.5451022681329
2480000000,-31.5499628772032
2480000000,-31.5384389600962
2480000000,-31.5284554612225
2480000000,-31.542545514452
2480000000,-31.5303356923418
2480000000,-31.5390066810264
2480000000,-31.5088393882108
2480000000,-31.5212003887491
2480000000,-31.5356255714168
2480000000,-31.5225827744478
2480000000,-31.530183842521
2480000000,-31.5098247772843
2480000000,-31.5224212638509
2480000000,-31.5161872650509
2480000000,-31.5322374833308
2480000000,-31.5121388468832
2480000000,-31.5275217120497
2480000000,-31.4873109734941
2480000000,-31.5210419135998
2480000000,-31.5194588321225
2480000000,-31.5063402859492
2480000000,-31.5189754485193
2480000000,-31.5296952970891
2480000000,-31.5051459194744
2480000000,-31.5103117244598
2480000000,-31.4955427203359
2480000000,-31.5085480020772
2480000000,-31.4814916509145
2480000000,-31.5119906158846
2480000000,-31.4926797549867
2480000000,-31.4939220895721
2480000000,-31.4802443554318
2480000000,-31.4856525013163
2480000000,-31.4932029662625
2480000000,-31.474876758054
2480000000,-31.4697665789499
2480000000,-31.5043372683013
2480000000,-31.4700384865127
2480000000,-31.4705848205415
2480000000,-31.4770561442133
2480000000,-31.4787003211196
2480000000,-31.4930811072831
2480000000,-31.4868856513707
2480000000,-31.4809577124051
2480000000,-31.4583499704066
2480000000,-31.4596492522522
2480000000,-31.4559852984903
2480000000,-31.456357778688
2480000000,-31.4787548803732
2480000000,-31.4639764959399
2480000000,-31.4582956310666
2480000000,-31.4493002364623
2480000000,-31.4560516256638
2480000000,-31.4314536463687
2480000000,-31.4289447601563
2480000000,-31.4526702084846
2480000000,-31.4300981909441
2480000000,-31.4479672835519
2480000000,-31.4576882985869
2480000000,-31.4306840222239
2480000000,-31.4561818371819
2480000000,-31.4266754605705
2480000000,-31.4400773101643
2480000000,-31.4361052411177
2480000000,-31.4414476928221
2480000000,-31.4243499146172
2480000000,-31.4477172563786
2480000000,-31.3943099662969
2480000000,-31.4150156033114
2480000000,-31.417393670629
2480000000,-31.4120866041917
2480000000,-31.4479967789035
2480000000,-31.4153769614615
2480000000,-31.4005426325879
2480000000,-31.4012932932194
2480000000,-31.4005512761724
2480000000,-31.4310363333427
2480000000,-31.4007431192308
2480000000,-31.3773953368392
2480000000,-31.3833973247272
2480000000,-31.4048301900217
2480000000,-31.3938280706219
2480000000,-31.4001368435315
2480000000,-31.4163145157452
2480000000,-31.4041704242405
2480000000,-31.3977227946994
2480000000,-31.3728263469785
2480000000,-31.3834411641144
2480000000,-31.3737983574146
2480000000,-31.3883944007757
2480000000,-31.4132830455894
2480000000,-31.3793687651594
2480000000,-31.3839583715735
2480000000,-31.3717729582986
2480000000,-31.3641747472892
2480000000,-31.3830067956375
2480000000,-31.3608159639891
2480000000,-31.365966233762
2480000000,-31.3483462370519
2480000000,-31.3565821740773
2480000000,-31.3742032037364
2480000000,-31.382806622961
2480000000,-31.3681598003965
2480000000,-31.3610687196829
2480000000,-31.3579502925905
2480000000,-31.3656690116383
2480000000,-31.3502812059828
2480000000,-31.353813074124
2480000000,-31.3364643704084
2480000000,-31.3429020592192
2480000000,-31.3532186923585
2480000000,-31.3449880182354
2480000000,-31.353185181197
2480000000,-31.3256185051747
2480000000,-31.3342077264117
2480000000,-31.3303945176871
2480000000,-31.3234491587098
2480000000,-31.3242814110729
2480000000,-31.3208561081345
2480000000,-31.3173061353291
2480000000,-31.2976474482552
2480000000,-31.3018421341695
2480000000,-31.3230797825999
2480000000,-31.2917532189928
2480000000,-31.3148120250808
2480000000,-31.3062310487374
2480000000,-31.3163768025003
2480000000,-31.3043233337118
2480000000,-31.2748564414914
2480000000,-31.307150886762
2480000000,-31.3034329981064
2480000000,-31.3020675725816
2480000000,-31.2903559310104
2480000000,-31.2703910658393
2480000000,-31.2918004131954
2480000000,-31.3089711138608
2480000000,-31.3121801256584
2480000000,-31.2894081773859
2480000000,-31.2474892672981
2480000000,-31.2642146734749
2480000000,-31.2708118685035
2480000000,-31.2758191286568
2480000000,-31.2838746745396
2480000000,-31.2637638916727
2480000000,-31.2592101309675
2480000000,-31.2732479839434
2480000000,-31.2789347634243
2480000000,-31.2747292299915
2480000000,-31.2744022875573
2480000000,-31.2558978255615
2480000000,-31.2675798915776
2480000000,-31.2564370857282
2480000000,-31.2719483592521
2480000000,-31.2740671286545
2480000000,-31.2321372819399
2480000000,-31.2619073877033
2480000000,-31.2368402113946
2480000000,-31.2820787568343
2480000000,-31.2521525363271
2480000000,-31.2584577084879
2480000000,-31.2364872435567
2480000000,-31.2326112872534
2480000000,-31.2535564194563
2480000000,-31.2329427497843
2480000000,-31.2468992526472
2480000000,-31.2394710578377
2480000000,-31.2345495238673
2480000000,-31.2310246435566
2480000000,-31.2110634961692
2480000000,-31.2194347435457
2480000000,-31.213870506169
2480000000,-31.2347490913357
2480000000,-31.2264671296461
2480000000,-31.2072989562941
2480000000,-31.2114780619782
2480000000,-31.2123714283717
2480000000,-31.202693632821
2480000000,-31.1828450239823
2480000000,-31.2250698929126
2480000000,-31.2231346546927
2480000000,-31.2052957053925
2480000000,-31.2045776784135
2480000000,-31.1974462162252
2480000000,-31.1954312184012
2480000000,-31.2197890223186
2480000000,-31.2080720647403
2480000000,-31.1846218171912
2480000000,-31.1893963319698
2480000000,-31.1843412215295
2480000000,-31.1924061332777
2480000000,-31.1808759436743
2480000000,-31.1844135679832
2480000000,-31.1622159851103
2480000000,-31.1901919130235
2480000000,-31.1717621912963
2480000000,-31.1699062842584
2480000000,-31.1871172029688
2480000000,-31.1721482237921
2480000000,-31.1628695843522
2480000000,-31.1941625193967
2480000000,-31.1603765508677
2480000000,-31.169538315453
2480000000,-31.15721317289
2480000000,-31.1514841809672
2480000000,-31.1619354612843
2480000000,-31.1577329912716
2480000000,-31.1544425040296
2480000000,-31.1648524278673
2480000000,-31.1589579926404
2480000000,-31.1639255525553
2480000000,-31.1563346472813
2480000000,-31.1554961795795
2480000000,-31.1502865128835
2480000000,-31.1458226858395
2480000000,-31.1388501356976
2480000000,-31.1412510961368
2480000000,-31.1694373492399
2480000000,-31.145591183814
2480000000,-31.1447003371332
2480000000,-31.1494159468936
2480000000,-31.1548130955872
2480000000,-31.1165697048957
2480000000,-31.1342913887789
2480000000,-31.1198080844946
2480000000,-31.1251481394517
2480000000,-31.1194382073257
2480000000,-31.1160262358865
2480000000,-31.1150741810386
2480000000,-31.114659100003
2480000000,-31.1263510622318
2480000000,-31.1304315247481
2480000000,-31.1342550092421
2480000000,-31.1190259474073
2480000000,-31.1278091459735
2480000000,-31.1253973131739
2480000000,-31.114518887493
2480000000,-31.1251740332874
2480000000,-31.1179133120764
2480000000,-31.1101429208748
2480000000,-31.1045054123985
2480000000,-31.1262235097132
2480000000,-31.1100471123159
2480000000,-31.0915575691721
2480000000,-31.0991730886558
2480000000,-31.1060587671379
2480000000,-31.1142309618656
2480000000,-31.1078527274506
2480000000,-31.1078213643069
2480000000,-31.104862793656
2480000000,-31.0961235878036
2480000000,-31.103383928295
2480000000,-31.0948160143257
2480000000,-31.0934527063214
2480000000,-31.0812485220805
2480000000,-31.0844269950541
2480000000,-31.0869286912313
2480000000,-31.076585111128
2480000000,-31.0780971936579
2480000000,-31.069519024779
2480000000,-31.0724362070281
2480000000,-31.0895158547081
2480000000,-31.0895748545982
2480000000,-31.0790550064966
2480000000,-31.0772212212201
2480000000,-31.085876464444
2480000000,-31.0646860138836
2480000000,-31.0583767452954
2480000000,-31.0682858224307
2480000000,-31.0702904724367
2480000000,-31.0581301366334
2480000000,-31.0566148909764
2480000000,-31.0542279745577
2480000000,-31.0458380832578
2480000000,-31.0465176636214
2480000000,-31.0778204570728
2480000000,-31.0408668310886
2480000000,-31.060510339401
2480000000,-31.0560786038153
2480000000,-31.0550337534603
2480000000,-31.0454020014688
2480000000,-31.053921033668
2480000000,-31.0404461509197
2480000000,-31.036811292413
2480000000,-31.0446706684273
2480000000,-31.0433145948328
2480000000,-31.0241334666965
2480000000,-31.0176841940079
2480000000,-31.0279089371206
2480000000,-31.0174447288264
2480000000,-31.0173088005712
2480000000,-31.0098265081438
2480000000,-31.0216377648909
2480000000,-31.0277481833874
2480000000,-31.0092949267282
2480000000,-31.0212968829113
2480000000,-31.0394792933658
2480000000,-30.9984209858842
2480000000,-30.9998685949208
2480000000,-31.0288112445707
2480000000,-31.01577708206
2480000000,-31.0249893012573
2480000000,-31.0165348101272
2480000000,-30.9984107613018
2480000000,-30.9901851255461
2480000000,-31.0186599206789
2480000000,-31.0029190168653
2480000000,-30.9978522897617
2480000000,-30.9944856424839
2480000000,-30.9939630695379
2480000000,-30.986001672846
2480000000,-30.9851381749168
2480000000,-30.9876265385893
2480000000,-30.9780760908363
2480000000,-30.9722413644455
2480000000,-30.9850113643258
2480000000,-30.9933147621647
2480000000,-30.9626018320198
2480000000,-30.9814182021367
2480000000,-30.9838340796056
2480000000,-30.9843572092888
2480000000,-30.9767222934079
2480000000,-30.9951921372455
2480000000,-30.9787535423582
2480000000,-30.9762936162816
2480000000,-30.9839926896147
2480000000,-30.9837883938273
2480000000,-30.9813604997642
2480000000,-30.9741238797411
2480000000,-30.9770706594726
2480000000,-30.9548155201865
2480000000,-30.9609027412383
2480000000,-30.9888426377067
2480000000,-30.9650214141155
2480000000,-30.9424732450377
2480000000,-30.9778799117223
2480000000,-30.9646110984688
2480000000,-30.9641019329036
2480000000,-30.9722918342973
2480000000,-30.8349462557889
2480000000,-30.9428862183826
2480000000,-30.9369029904123
2480000000,-30.9431164320641
2480000000,-30.930745694625
2480000000,-30.9612623257995
2480000000,-30.959536769531
2480000000,-30.935436708983
2480000000,-30.9382691079206
2480000000,-30.9489015401498
2480000000,-30.9412522614875
2480000000,-30.9448783993417
2480000000,-30.9461996074055
2480000000,-30.9657777992827
2480000000,-30.9470319588858
2480000000,-30.9458144337158
2480000000,-30.953518455867
2480000000,-30.9378960259022
2480000000,-30.9327026298656
2480000000,-30.9334804160626
2480000000,-30.9435422987287
2480000000,-30.9272043349951
2480000000,-30.9368713714229
2480000000,-30.9312859412711
2480000000,-30.9268933606735
2480000000,-30.9239329864745
2480000000,-30.9274114221134
2480000000,-30.9347842926048
2480000000,-30.9266612427802
2480000000,-30.9296841135672
2480000000,-30.9283577423592
2480000000,-30.9262606728398
2480000000,-30.9211074163802
2480000000,-30.9207615447622
2480000000,-30.9376124353531
2480000000,-30.9100501769536
2480000000,-30.9302481421999
2480000000,-30.9192878720157
2480000000,-30.905933147726
2480000000,-30.9030065069942
2480000000,-30.9270572882312
2480000000,-30.9274164843452
2480000000,-30.9314161490996
2480000000,-30.9138325473494
2480000000,-30.8961256532801
2480000000,-30.9216976498129
2480000000,-30.9198737314799
2480000000,-30.8965972368444
2480000000,-30.9046929888526
2480000000,-30.9004487161438
2480000000,-30.9061176153366
2480000000,-30.8942609737561
2480000000,-30.906845612404
2480000000,-30.8843878216969
2480000000,-30.8829330331649
2480000000,-30.8850566948824
2480000000,-30.8848559996802
2480000000,-30.9077664735549
2480000000,-30.8827890416776
2480000000,-30.8786470802991
2480000000,-30.9004052519343
2480000000,-30.8934821520664
2480000000,-30.881181239903
2480000000,-30.8890798612823
2480000000,-30.900028605685
2480000000,-30.8640282545237
2480000000,-30.8875685714523
2480000000,-30.924848382225
2480000000,-30.8768791991779
2480000000,-30.8761685482346
2480000000,-30.8750899046057
2480000000,-30.8753832475109
2480000000,-30.868300823877
2480000000,-30.8798854795893
2480000000,-30.8805344598575
2480000000,-30.88585139805
2480000000,-30.8672482371778
2480000000,-30.8744273565412
2480000000,-30.8674396406064
2480000000,-30.8540420913624
2480000000,-30.839213603862
2480000000,-30.875568044587
2480000000,-30.8633892261002
2480000000,-30.8398372696622
2480000000,-30.8592931246197
2480000000,-30.8524133943631
2480000000,-30.8606166284649
2480000000,-30.8570008496319
2480000000,-30.8540996013036
2480000000,-30.8420280161465
2480000000,-30.8327745711629
2480000000,-30.8465797247518
2480000000,-30.8564228527664
2480000000,-30.847610755938
2480000000,-30.8316293036448
2480000000,-30.8148300677045
2480000000,-30.8401632561766
2480000000,-30.8282939289274
2480000000,-30.8271676739686
2480000000,-30.8375527095119
2480000000,-30.8347513003894
2480000000,-30.8227973956411
2480000000,-30.8269547964525
2480000000,-30.8340390009369
2480000000,-30.8178036832259
2480000000,-30.8086331957492
2480000000,-30.8168996879079
2480000000,-30.8027935743592
2480000000,-30.8026710404045
2480000000,-30.8160212215875
2480000000,-30.7831922952911
2480000000,-30.8187783775688
2480000000,-30.8213775702702
2480000000,-30.8022951635556
2480000000,-30.8083712366118
2480000000,-30.8132211934692
2480000000,-30.8139113699471
2480000000,-30.8153150844992
2480000000,-30.8159457990062
2480000000,-30.8187802727404
2480000000,-30.8102066096336
2480000000,-30.8138267800671
2480000000,-30.7965746725908
2480000000,-30.817630933238
2480000000,-30.7954724890226
2480000000,-30.7853899397519
2480000000,-30.8058809798241
2480000000,-30.824098756025
2480000000,-30.7907974810709
2480000000,-30.7947925427889
2480000000,-30.7942961424407
2480000000,-30.8216332371959
2480000000,-30.7931921295347
2480000000,-30.7754471233028
2480000000,-30.7723008526503
2480000000,-30.7828528291869
2480000000,-30.7961105624288
2480000000,-30.7822713705942
2480000000,-30.7925400165705
2480000000,-30.7825837149455
2480000000,-30.7957506720882
2480000000,-30.7679305170956
2480000000,-30.8050884958212
2480000000,-30.7951255335122
2480000000,-30.7784773746359
2480000000,-30.7672543880365
2480000000,-30.7688088259999
2480000000,-30.7701206994905
2480000000,-30.7673339536563
2480000000,-30.7806097658879
2480000000,-30.7710657291456
2480000000,-30.7861062920872
2480000000,-30.7800009794408
2480000000,-30.775826441587
2480000000,-30.7775085054895
2480000000,-30.7656036014951
2480000000,-30.7583408048884
2480000000,-30.771344091527
2480000000,-30.7841629486895
2480000000,-30.7702163820646
2480000000,-30.7546695424991
2480000000,-30.7679530659
2480000000,-30.7539185232443
2480000000,-30.7623171888063
2480000000,-30.7678350420246
2480000000,-30.7658308124981
2480000000,-30.7635133373366
2480000000,-30.7480877834638
2480000000,-30.764278423549
2480000000,-30.7676902633425
2480000000,-30.7615193533437
2480000000,-30.7657258874326
2480000000,-30.7563346864708
2480000000,-30.7502416567996
2480000000,-30.7539051130946
2480000000,-30.76112154285
2480000000,-30.773902926576
2480000000,-30.7442441031466
2480000000,-30.7395044551585
2480000000,-30.7357299470635
2480000000,-30.7310087754814
2480000000,-30.7308180733858
2480000000,-30.7658034454297
2480000000,-30.7455111396761
2480000000,-30.7252982855734
2480000000,-30.7141009278123
2480000000,-30.7384078479278
2480000000,-30.7089387241416
2480000000,-30.74129162993
2480000000,-30.743398352919
2480000000,-30.7306506171634
2480000000,-30.7089742518595
2480000000,-30.7277906357661
2480000000,-30.7190598797143
2480000000,-30.7044161510674
2480000000,-30.7167360187494
2480000000,-30.7161879602889
2480000000,-30.7093814641592
2480000000,-30.7008214671174
2480000000,-30.7205852076691
2480000000,-30.6956572315581
2480000000,-30.7266762713411
2480000000,-30.7073173385297
2480000000,-30.7153350622217
2480000000,-30.7269290270686
2480000000,-30.7286159614003
2480000000,-30.6992357194079
2480000000,-30.7218366442944
2480000000,-30.7074514996354
2480000000,-30.6836262062012
2480000000,-30.6983366175208
2480000000,-30.713784104538
2480000000,-30.7130291450302
2480000000,-30.6965563319861
2480000000,-30.6904356623109
2480000000,-30.6934663731754
2480000000,-30.6989716743868
2480000000,-30.6943787115979
2480000000,-30.7000840289423
2480000000,-30.716180824625
2480000000,-30.6855558499742
2480000000,-30.6946404578059
2480000000,-30.6823365835142
2480000000,-30.6741925539774
2480000000,-30.6770719996895
2480000000,-30.6674616859032
2480000000,-30.5554106647037
2480000000,-30.685741995961
2480000000,-30.6702508214267
2480000000,-30.6733166667664
2480000000,-30.689784403841
2480000000,-30.671835882384
2480000000,-30.6684760071551
2480000000,-30.6816602585986
2480000000,-30.6744177021672
2480000000,-30.6841498793215
2480000000,-30.6610584834852
2480000000,-30.679637376891
2480000000,-30.675359736998
2480000000,-30.6573553498803
2480000000,-30.6840524950291
2480000000,-30.6852169702315
2480000000,-30.6703988101645
2480000000,-30.6646978557833
2480000000,-30.640408574858
2480000000,-30.6560302135633
2480000000,-30.6649235425119
2480000000,-30.6651897395183
2480000000,-30.6483673861679
2480000000,-30.6495796691687
2480000000,-30.6500082190701
2480000000,-30.6616061806352
2480000000,-30.656355455007
2480000000,-30.6643572102291
2480000000,-30.6374986058226
2480000000,-30.6579509243736
2480000000,-30.6394820446645
2480000000,-30.647179563785
2480000000,-30.6562929469255
2480000000,-30.6541494898939
2480000000,-30.6523405378
2480000000,-30.6379109939998
2480000000,-30.6627668289029
END
